# Run settings
pixels_per_node    = 15
speedup_factor     = 50
max_duration       = 1000
node_display       = Color
geometry           = hex
# rng_seed           = 123123123

!START_COLORMAP
0: (0, 254, 255)
1: (0, 253, 255)
2: (0, 252, 255)
3: (0, 252, 255)
4: (0, 251, 255)
5: (0, 250, 255)
6: (0, 249, 255)
7: (0, 248, 255)
8: (0, 247, 255)
9: (0, 247, 255)
10: (0, 246, 255)
11: (0, 245, 255)
12: (0, 244, 255)
13: (0, 243, 255)
14: (0, 242, 255)
15: (0, 241, 255)
16: (0, 241, 255)
17: (0, 240, 255)
18: (0, 239, 255)
19: (0, 238, 255)
20: (0, 237, 255)
21: (0, 236, 255)
22: (0, 236, 255)
23: (0, 235, 255)
24: (0, 234, 255)
25: (0, 233, 255)
26: (0, 232, 255)
27: (0, 231, 255)
28: (0, 230, 255)
29: (0, 230, 255)
30: (0, 229, 255)
31: (0, 228, 255)
32: (0, 227, 255)
33: (0, 226, 255)
34: (0, 225, 255)
35: (0, 225, 255)
36: (0, 224, 255)
37: (0, 223, 255)
38: (0, 222, 255)
39: (0, 221, 255)
40: (0, 220, 255)
41: (0, 219, 255)
42: (0, 219, 255)
43: (0, 218, 255)
44: (0, 217, 255)
45: (0, 216, 255)
46: (0, 215, 255)
47: (0, 214, 255)
48: (0, 213, 255)
49: (0, 213, 255)
50: (0, 212, 255)
51: (0, 211, 255)
52: (0, 210, 255)
53: (0, 209, 255)
54: (0, 208, 255)
55: (0, 208, 255)
56: (0, 207, 255)
57: (0, 206, 255)
58: (0, 205, 255)
59: (0, 204, 255)
60: (0, 203, 255)
61: (0, 202, 255)
62: (0, 202, 255)
63: (0, 201, 255)
64: (0, 200, 255)
65: (0, 199, 255)
66: (0, 198, 255)
67: (0, 197, 255)
68: (0, 197, 255)
69: (0, 196, 255)
70: (0, 195, 255)
71: (0, 194, 255)
72: (0, 193, 255)
73: (0, 192, 255)
74: (0, 191, 255)
75: (0, 191, 255)
76: (0, 190, 255)
77: (0, 189, 255)
78: (0, 188, 255)
79: (0, 187, 255)
80: (0, 186, 255)
81: (0, 186, 255)
82: (0, 185, 255)
83: (0, 184, 255)
84: (0, 183, 255)
85: (0, 182, 255)
86: (0, 181, 255)
87: (0, 180, 255)
88: (0, 180, 255)
89: (0, 179, 255)
90: (0, 178, 255)
91: (0, 177, 255)
92: (0, 176, 255)
93: (0, 175, 255)
94: (0, 175, 255)
95: (0, 174, 255)
96: (0, 173, 255)
97: (0, 172, 255)
98: (0, 171, 255)
99: (0, 170, 255)
100: (0, 169, 255)
101: (0, 169, 255)
102: (0, 168, 255)
103: (0, 167, 255)
104: (0, 166, 255)
105: (0, 165, 255)
106: (0, 164, 255)
107: (0, 164, 255)
108: (0, 163, 255)
109: (0, 162, 255)
110: (0, 161, 255)
111: (0, 160, 255)
112: (0, 159, 255)
113: (0, 158, 255)
114: (0, 158, 255)
115: (0, 157, 255)
116: (0, 156, 255)
117: (0, 155, 255)
118: (0, 154, 255)
119: (0, 153, 255)
120: (0, 152, 255)
121: (0, 152, 255)
122: (0, 151, 255)
123: (0, 150, 255)
124: (0, 149, 255)
125: (0, 148, 255)
126: (0, 147, 255)
127: (0, 147, 255)
128: (0, 146, 255)
129: (0, 145, 255)
130: (0, 144, 255)
131: (0, 143, 255)
132: (0, 142, 255)
133: (0, 141, 255)
134: (0, 141, 255)
135: (0, 140, 255)
136: (0, 139, 255)
137: (0, 138, 255)
138: (0, 137, 255)
139: (0, 136, 255)
140: (0, 136, 255)
141: (0, 135, 255)
142: (0, 134, 255)
143: (0, 133, 255)
144: (0, 132, 255)
145: (0, 131, 255)
146: (0, 130, 255)
147: (0, 130, 255)
148: (0, 129, 255)
149: (0, 128, 255)
150: (0, 127, 255)
151: (0, 126, 255)
152: (0, 125, 255)
153: (0, 125, 255)
154: (0, 124, 255)
155: (0, 123, 255)
156: (0, 122, 255)
157: (0, 121, 255)
158: (0, 120, 255)
159: (0, 119, 255)
160: (0, 119, 255)
161: (0, 118, 255)
162: (0, 117, 255)
163: (0, 116, 255)
164: (0, 115, 255)
165: (0, 114, 255)
166: (0, 114, 255)
167: (0, 113, 255)
168: (0, 112, 255)
169: (0, 111, 255)
170: (0, 110, 255)
171: (0, 109, 255)
172: (0, 108, 255)
173: (0, 108, 255)
174: (0, 107, 255)
175: (0, 106, 255)
176: (0, 105, 255)
177: (0, 104, 255)
178: (0, 103, 255)
179: (0, 103, 255)
180: (0, 102, 255)
181: (0, 101, 255)
182: (0, 100, 255)
183: (0, 99, 255)
184: (0, 98, 255)
185: (0, 97, 255)
186: (0, 97, 255)
187: (0, 96, 255)
188: (0, 95, 255)
189: (0, 94, 255)
190: (0, 93, 255)
191: (0, 92, 255)
192: (0, 91, 255)
193: (0, 91, 255)
194: (0, 90, 255)
195: (0, 89, 255)
196: (0, 88, 255)
197: (0, 87, 255)
198: (0, 86, 255)
199: (0, 86, 255)
200: (0, 85, 255)
201: (0, 84, 255)
202: (0, 83, 255)
203: (0, 82, 255)
204: (0, 81, 255)
205: (0, 80, 255)
206: (0, 80, 255)
207: (0, 79, 255)
208: (0, 78, 255)
209: (0, 77, 255)
210: (0, 76, 255)
211: (0, 75, 255)
212: (0, 75, 255)
213: (0, 74, 255)
214: (0, 73, 255)
215: (0, 72, 255)
216: (0, 71, 255)
217: (0, 70, 255)
218: (0, 69, 255)
219: (0, 69, 255)
220: (0, 68, 255)
221: (0, 67, 255)
222: (0, 66, 255)
223: (0, 65, 255)
224: (0, 64, 255)
225: (0, 64, 255)
226: (0, 63, 255)
227: (0, 62, 255)
228: (0, 61, 255)
229: (0, 60, 255)
230: (0, 59, 255)
231: (0, 58, 255)
232: (0, 58, 255)
233: (0, 57, 255)
234: (0, 56, 255)
235: (0, 55, 255)
236: (0, 54, 255)
237: (0, 53, 255)
238: (0, 53, 255)
239: (0, 52, 255)
240: (0, 51, 255)
241: (0, 50, 255)
242: (0, 49, 255)
243: (0, 48, 255)
244: (0, 47, 255)
245: (0, 47, 255)
246: (0, 46, 255)
247: (0, 45, 255)
248: (0, 44, 255)
249: (0, 43, 255)
250: (0, 42, 255)
251: (0, 42, 255)
252: (0, 41, 255)
253: (0, 40, 255)
254: (0, 39, 255)
255: (0, 38, 255)
256: (0, 37, 255)
257: (0, 36, 255)
258: (0, 36, 255)
259: (0, 35, 255)
260: (0, 34, 255)
261: (0, 33, 255)
262: (0, 32, 255)
263: (0, 31, 255)
264: (0, 30, 255)
265: (0, 30, 255)
266: (0, 29, 255)
267: (0, 28, 255)
268: (0, 27, 255)
269: (0, 26, 255)
270: (0, 25, 255)
271: (0, 25, 255)
272: (0, 24, 255)
273: (0, 23, 255)
274: (0, 22, 255)
275: (0, 21, 255)
276: (0, 20, 255)
277: (0, 19, 255)
278: (0, 19, 255)
279: (0, 18, 255)
280: (0, 17, 255)
281: (0, 16, 255)
282: (0, 15, 255)
283: (0, 14, 255)
284: (0, 14, 255)
285: (0, 13, 255)
286: (0, 12, 255)
287: (0, 11, 255)
288: (0, 10, 255)
289: (0, 9, 255)
290: (0, 8, 255)
291: (0, 8, 255)
292: (0, 7, 255)
293: (0, 6, 255)
294: (0, 5, 255)
295: (0, 4, 255)
296: (0, 3, 255)
297: (0, 3, 255)
298: (0, 2, 255)
299: (0, 1, 255)
300: (0, 0, 255)
!END_COLORMAP

!START_HEIGHT
696 692 689 683 683 689 699 699 692 686 679 676 673 673 683 699 706 706 706 709 712 712 719 725 732 732 725 722 719 715 712 706 709 709 706 709 706 702 702 702 706 709 706 702 702 696 689 689 686 686 679 673 673 676 683 686 686 683 669 660 663 653 620 568 532 496 466 433 400 374 345 299 256 230 220 220 223 223 223 213 204 207 184 138 108 122 158 194 223 249 269 276 279 282 302 325 354 391 430 466 509 568 614 653 683 692 696 696 689 683 676 660 643 633 630 624 620 607 584 551 499 443 423 437 492 548 581 594 594 594 601 604 614 620 620 624 630
689 686 683 679 686 686 689 689 683 679 679 676 673 676 686 699 712 715 709 709 712 715 719 728 732 728 722 719 715 712 709 706 702 702 702 699 699 702 702 699 699 702 696 696 699 696 696 699 696 689 686 673 669 676 679 676 669 666 656 653 650 630 597 545 505 466 423 397 371 351 318 279 243 213 210 217 217 220 220 204 187 174 141 112 112 148 194 223 240 253 269 276 282 292 299 325 351 381 414 456 509 568 620 663 689 696 696 689 679 673 669 660 643 637 630 627 620 614 604 571 509 446 427 443 496 532 555 568 574 581 591 601 617 630 630 627 637
686 683 679 679 683 686 683 679 679 679 676 673 673 673 676 686 699 706 709 709 712 715 722 725 725 725 722 719 719 715 715 709 706 702 702 699 699 702 702 699 699 699 696 696 699 699 702 702 696 689 683 673 673 676 673 666 663 660 656 643 614 594 561 515 473 430 387 361 345 315 282 253 223 204 200 207 213 217 197 167 151 131 112 102 118 174 217 236 246 256 266 272 282 295 305 322 351 377 404 443 499 564 633 679 699 702 696 683 673 669 660 646 643 640 630 620 614 607 594 555 499 440 427 446 482 512 532 551 574 587 597 604 610 624 633 633 637
689 686 686 686 686 686 683 679 679 676 676 673 669 669 673 679 689 696 699 706 709 719 722 725 725 725 722 722 719 719 715 712 712 709 706 699 699 699 699 696 696 702 699 692 692 696 699 696 686 679 679 676 679 679 676 666 660 656 650 630 591 551 515 476 433 391 348 328 305 279 259 233 207 197 197 200 207 197 164 135 115 95 99 115 151 197 223 240 253 266 272 272 282 299 309 328 354 384 410 453 515 578 646 683 696 699 699 683 669 656 643 637 633 633 630 620 610 601 578 535 482 433 420 443 473 509 541 568 591 607 607 604 604 617 633 640 643
696 692 689 689 692 689 686 686 683 683 679 679 673 666 669 673 679 686 696 706 712 715 719 719 722 725 719 715 712 715 715 712 715 712 702 696 696 699 706 699 696 702 699 692 686 692 696 696 683 676 676 676 676 676 676 666 656 646 627 597 551 512 482 446 400 354 315 286 266 249 233 223 213 200 194 197 194 164 118 99 92 92 122 158 194 217 223 236 256 269 272 276 289 302 309 325 348 377 414 463 525 594 646 679 689 692 692 683 663 643 630 630 630 633 633 620 607 601 578 532 479 427 410 433 476 532 581 610 627 630 620 607 607 620 637 640 633
699 699 696 692 692 696 692 689 683 683 683 679 673 669 673 673 679 689 699 709 712 712 712 715 719 715 715 712 709 709 709 709 715 712 702 696 696 699 702 702 699 702 706 696 689 692 699 692 686 679 686 686 669 666 669 666 650 630 597 558 509 479 453 423 371 322 282 249 233 220 220 223 213 200 187 181 161 128 99 95 112 141 174 200 220 220 230 243 263 272 269 272 289 302 305 318 345 374 410 453 519 584 643 673 689 692 689 683 663 643 630 620 627 627 627 614 601 597 581 535 479 417 410 440 489 551 601 630 646 640 627 614 617 624 630 627 617
702 702 699 692 696 699 696 692 689 683 683 679 676 676 679 676 676 683 692 706 712 715 715 715 712 709 709 709 706 706 706 706 706 702 702 699 696 692 696 699 696 699 709 706 692 696 696 692 683 683 686 686 673 673 669 666 653 620 574 525 479 446 423 387 338 299 259 240 220 213 210 213 207 194 171 145 112 92 92 118 145 190 207 213 213 220 230 249 266 279 272 272 289 305 309 322 348 377 410 459 512 578 637 683 696 696 686 676 653 633 627 610 607 607 604 601 594 594 581 545 476 407 407 440 502 561 604 630 643 637 627 624 624 620 620 614 610
712 706 699 699 699 699 696 692 686 683 676 676 676 679 676 673 669 676 689 702 712 719 722 719 715 712 712 712 709 706 702 702 702 699 699 699 699 696 692 696 699 706 709 702 696 692 692 686 679 679 679 679 676 669 666 660 630 594 545 492 443 420 387 348 312 282 256 236 223 213 207 207 200 187 154 108 79 69 89 128 174 207 217 213 217 223 236 249 266 276 276 276 289 309 315 322 345 377 417 466 528 591 646 686 699 689 679 653 630 620 624 607 597 591 584 581 584 581 558 509 430 394 400 430 489 555 604 630 640 640 633 627 620 624 617 614 607
719 715 709 706 702 699 692 689 683 676 676 676 676 676 673 666 663 673 686 699 709 715 719 719 719 719 715 715 709 706 706 702 702 699 702 706 706 702 696 692 699 706 702 696 689 692 692 689 683 683 686 686 679 666 660 643 601 561 519 466 420 391 351 318 292 269 243 220 213 210 207 207 204 190 148 99 72 72 99 145 184 210 220 217 220 230 236 249 263 272 272 276 295 312 312 318 338 374 423 476 551 620 663 686 689 683 673 646 627 610 587 568 561 545 541 532 522 532 515 459 407 387 397 433 489 551 601 630 640 643 640 633 633 640 633 624 620
722 722 715 706 706 706 696 686 679 679 679 676 673 673 666 663 663 669 683 692 706 712 712 715 715 712 709 706 706 706 709 706 706 702 699 702 702 699 692 689 696 696 692 683 683 689 692 689 686 689 696 692 689 676 656 627 578 532 492 440 404 371 335 305 276 249 227 217 207 213 213 204 197 184 148 95 72 79 112 158 194 217 223 220 217 227 240 249 256 266 272 279 302 318 315 315 335 368 420 479 555 620 653 676 679 669 653 640 624 587 541 515 482 463 456 459 446 450 446 420 384 374 391 433 519 574 610 630 640 646 646 646 653 653 643 637 640
725 728 722 712 702 699 696 683 679 679 679 673 669 666 663 663 666 669 673 683 699 709 712 712 712 706 702 699 706 706 706 702 702 699 699 696 692 692 692 689 689 692 692 689 689 692 692 686 683 683 686 686 686 669 640 607 564 515 466 427 397 364 328 299 269 243 230 220 217 220 217 200 187 174 135 95 69 92 138 184 210 217 220 217 217 230 246 256 259 266 272 279 305 325 322 318 332 361 407 476 545 591 637 663 663 656 633 610 571 525 489 440 404 384 384 387 381 371 371 368 368 384 417 486 548 601 624 633 643 646 650 656 660 660 656 653 653
722 725 722 719 709 702 692 686 683 679 679 676 669 666 663 663 663 673 676 686 699 706 709 709 709 709 706 706 709 706 699 696 699 699 699 696 696 696 692 689 686 686 689 692 692 689 686 686 683 679 679 679 673 650 620 584 548 499 453 414 391 351 315 295 272 246 227 217 213 213 210 190 167 148 112 85 85 115 158 197 217 217 217 220 223 236 249 259 266 266 269 276 299 318 322 325 345 377 427 505 558 587 633 650 640 627 581 519 466 430 400 358 338 345 348 354 358 351 351 364 384 423 479 532 591 620 627 627 633 640 650 656 653 656 660 656 653
715 715 715 712 709 702 696 689 686 683 679 676 669 666 663 656 660 666 673 683 696 699 702 702 706 709 709 709 706 699 692 696 702 706 706 702 699 692 689 686 683 683 686 686 689 689 686 683 683 679 679 673 660 637 601 561 522 479 437 400 374 335 302 286 269 240 220 210 204 200 187 167 138 108 79 76 105 151 184 210 220 220 223 227 233 243 259 266 269 266 263 272 292 315 325 335 368 404 456 541 591 627 650 646 627 584 499 427 391 354 338 315 318 345 361 368 377 391 404 417 450 492 532 574 610 630 630 624 627 633 646 653 653 660 663 660 656
712 709 706 706 702 699 689 683 679 679 683 676 676 669 663 660 660 669 673 683 686 689 692 699 702 706 702 702 699 692 689 692 699 702 699 699 696 689 683 686 686 683 683 683 689 689 686 676 676 673 673 666 643 617 587 551 512 473 427 384 358 325 292 272 256 230 213 207 197 187 171 151 122 89 62 79 131 187 210 227 230 223 227 233 240 253 266 269 269 263 263 276 295 312 325 341 381 423 486 548 604 650 666 630 601 541 430 364 335 312 318 338 364 400 430 440 443 482 499 515 541 564 581 597 614 627 627 624 624 630 640 650 653 660 663 660 663
712 706 702 696 692 692 686 679 679 683 683 683 679 673 666 666 669 669 673 676 679 683 686 689 692 696 699 699 696 689 686 689 689 686 679 686 692 689 686 686 686 683 679 679 686 686 679 673 669 669 669 656 630 601 578 545 505 469 420 377 341 312 279 259 243 217 207 200 184 171 158 145 112 79 79 118 181 207 220 223 227 227 230 236 243 263 276 276 269 259 259 279 299 309 318 341 384 450 512 564 627 666 660 617 561 473 368 328 322 328 358 417 466 499 532 538 551 584 597 597 604 610 614 617 624 627 627 630 630 633 637 640 643 650 653 660 666
712 702 699 692 689 689 692 686 686 686 686 683 676 669 669 673 669 669 666 666 673 683 689 686 686 689 696 692 692 689 689 689 686 679 673 683 686 686 683 683 683 683 683 686 689 686 679 679 676 673 666 646 627 594 558 522 496 463 417 374 338 302 266 240 223 210 204 190 177 161 141 122 92 79 105 158 194 210 213 217 223 230 233 240 259 276 279 272 263 249 249 266 292 302 315 348 400 459 525 591 663 692 673 571 469 361 325 322 345 381 437 482 532 574 601 617 620 627 633 633 637 633 630 627 627 633 640 640 637 633 637 637 637 640 646 660 666
702 699 702 699 696 696 696 692 689 689 689 686 679 676 673 673 669 666 663 660 666 679 686 686 686 689 692 692 689 689 686 683 683 679 679 679 679 676 676 679 683 686 686 689 689 679 673 676 683 683 673 656 630 584 538 512 502 469 420 368 325 289 256 236 220 213 204 190 174 151 122 95 76 85 128 171 197 210 213 213 220 230 233 240 259 272 272 263 246 236 243 259 286 302 325 381 459 505 568 633 676 683 601 443 348 318 322 345 377 437 502 538 578 607 624 637 640 643 637 637 643 643 637 637 633 637 646 643 637 633 637 637 637 637 646 656 663
702 702 699 699 696 692 692 692 689 689 689 686 679 673 673 676 673 666 663 660 660 666 676 683 686 686 686 689 689 689 683 683 686 683 679 679 679 676 679 686 686 689 689 686 683 673 666 669 683 689 683 656 614 564 519 499 492 463 410 354 315 286 259 240 217 210 204 194 177 148 105 79 82 108 154 187 204 210 207 210 223 230 233 240 253 263 263 256 240 230 246 269 299 318 348 440 525 561 597 640 637 548 433 351 312 315 348 391 440 489 551 604 620 630 640 643 650 656 653 643 646 646 646 643 643 643 646 650 643 640 643 643 640 640 646 656 663
709 702 699 699 699 696 692 692 689 689 689 683 679 676 673 676 673 666 663 656 653 656 663 679 683 679 679 689 692 689 683 683 683 679 676 676 676 676 679 683 686 696 692 686 676 669 666 666 679 686 676 643 591 545 505 486 479 450 400 345 315 289 256 230 213 210 207 200 181 141 95 76 95 141 181 194 204 210 210 213 223 230 233 243 256 263 259 249 233 230 253 289 325 351 387 469 555 597 617 633 541 410 348 322 305 322 368 450 515 558 597 633 640 646 646 646 650 660 660 653 650 650 650 650 650 646 656 660 653 650 650 646 643 650 653 660 666
706 699 699 702 702 699 699 696 692 692 692 689 686 679 679 676 676 669 666 660 653 653 663 669 673 669 673 679 686 683 673 673 673 676 673 666 666 669 673 673 679 679 679 676 669 669 666 666 669 669 666 637 594 538 492 466 456 430 387 338 305 282 256 230 213 213 204 190 164 125 82 76 112 158 181 194 204 207 210 213 220 230 236 249 256 256 249 243 240 246 272 309 351 387 437 509 574 617 646 620 469 348 309 302 309 338 387 469 525 574 610 640 643 643 650 646 650 653 653 650 650 656 656 650 650 653 660 660 656 653 653 650 646 653 656 660 669
706 702 702 706 699 699 699 696 692 692 692 689 686 686 683 679 679 676 673 666 663 663 666 666 660 656 663 669 669 669 666 666 666 666 663 656 656 663 666 660 660 663 666 669 666 660 660 663 660 666 666 656 610 538 479 450 437 417 374 328 299 279 253 230 217 210 204 184 158 118 79 79 115 151 171 190 204 204 204 210 220 233 246 256 256 246 240 240 249 272 299 335 387 437 492 558 607 643 646 551 384 322 292 286 312 351 400 463 519 568 610 637 640 640 643 646 646 650 646 646 653 660 656 653 653 660 660 660 660 660 660 656 656 656 656 656 663
709 709 706 702 696 699 699 692 689 692 692 683 679 683 683 679 683 683 683 676 669 666 666 660 656 653 656 660 663 666 666 663 663 660 656 653 650 653 653 646 650 656 663 663 656 653 656 660 660 666 673 660 624 561 486 443 427 400 351 318 295 272 249 230 220 213 210 194 164 122 82 72 112 148 161 181 194 200 204 210 223 236 249 256 249 240 230 233 253 282 318 354 420 486 541 601 637 643 610 469 338 312 282 282 309 351 404 466 509 551 591 614 627 633 633 640 637 643 646 650 653 660 660 660 660 666 666 666 666 669 669 669 669 669 666 663 669
709 712 709 706 706 706 702 696 689 689 689 683 676 679 683 679 679 686 686 683 676 669 666 663 660 660 656 656 663 666 666 660 656 660 656 653 650 650 646 640 640 646 653 653 653 650 656 656 663 669 660 646 620 574 489 433 410 377 335 309 292 269 253 240 230 220 213 194 164 128 82 69 95 128 158 174 190 194 204 213 223 233 246 246 240 233 223 230 253 286 315 368 466 545 584 617 650 624 538 377 305 279 279 299 322 358 400 469 496 525 564 594 604 610 617 620 627 633 643 646 653 660 660 663 666 669 673 669 669 676 679 676 679 679 676 673 679
709 709 709 709 712 709 706 696 689 686 683 683 683 689 689 683 683 686 686 679 676 673 669 666 663 660 660 656 656 660 656 653 653 653 656 656 653 653 646 637 637 643 650 653 650 653 653 656 660 663 656 646 620 558 469 420 394 368 328 302 286 269 263 253 236 217 204 184 164 131 92 72 89 122 154 174 181 184 190 204 220 236 240 236 230 233 230 243 272 309 354 427 528 601 617 633 633 587 410 292 259 253 276 325 371 407 466 522 551 555 581 597 594 594 597 601 607 624 637 650 656 656 656 656 660 666 673 676 676 683 686 683 679 679 676 676 686
706 709 712 715 712 706 702 699 696 692 692 689 689 699 699 696 692 689 686 683 683 683 679 676 669 663 660 656 656 653 653 650 650 650 650 650 650 653 646 637 633 640 646 650 653 660 656 653 653 653 646 633 601 515 440 400 371 345 315 295 279 272 266 256 230 207 184 167 151 128 108 85 95 128 151 167 174 174 187 200 223 236 243 240 236 243 253 272 309 364 433 496 558 610 620 614 545 423 335 282 249 256 295 361 427 479 541 594 607 610 614 610 607 604 604 597 604 620 630 637 643 650 650 650 653 660 669 676 683 689 692 689 679 676 676 676 683
706 709 712 712 709 702 699 696 699 702 699 692 692 699 702 699 696 689 686 686 689 692 692 692 686 676 669 663 656 656 653 653 653 656 653 646 650 650 646 643 646 643 643 650 656 653 646 643 650 646 633 607 581 496 417 377 351 328 305 289 279 272 266 256 230 204 177 158 141 125 105 82 89 122 148 161 167 171 184 204 220 230 240 246 253 263 279 299 341 423 489 532 568 581 558 509 430 364 318 272 246 269 335 400 469 519 574 617 633 637 637 637 630 620 620 617 614 620 627 627 627 633 643 646 650 656 666 676 683 689 692 689 683 679 683 683 683
712 712 706 706 702 702 699 702 706 712 706 699 696 699 696 696 692 692 692 689 692 699 699 699 692 683 676 669 666 663 663 660 660 663 663 650 646 646 653 653 653 646 640 643 643 637 633 633 643 643 617 584 574 499 404 361 335 318 302 289 276 269 266 259 236 207 184 164 151 138 112 79 89 122 138 151 164 174 184 200 213 227 240 256 272 282 299 318 368 437 509 551 568 535 486 446 381 328 289 249 246 282 361 433 515 574 607 633 650 646 650 653 646 637 633 633 630 630 633 630 627 630 640 646 653 666 676 683 686 692 696 689 689 692 692 692 692
712 709 706 702 706 706 706 712 719 722 715 706 699 699 699 696 696 699 696 692 692 696 699 696 692 689 683 679 673 673 669 666 666 666 663 656 646 650 653 656 650 643 640 640 640 633 640 640 640 640 627 597 574 482 391 354 325 309 295 282 276 276 279 276 256 223 197 177 158 145 118 85 79 102 131 148 158 171 184 200 217 236 263 286 299 302 315 345 400 463 505 525 515 473 430 400 351 305 266 236 249 292 374 440 525 584 607 633 650 656 656 656 653 650 646 646 646 646 640 637 633 637 643 646 656 669 676 683 686 692 696 692 692 692 696 692 692
709 709 709 709 706 706 709 712 719 719 712 706 702 702 699 699 699 699 696 692 692 696 692 689 692 692 689 683 679 679 676 673 669 666 669 669 663 660 660 656 650 646 646 646 650 653 656 653 650 646 627 594 561 469 391 348 325 309 292 286 282 289 292 289 269 236 210 187 161 145 118 85 69 76 108 135 151 164 177 197 227 263 292 309 305 295 318 364 420 459 482 463 423 384 358 351 332 299 240 220 259 305 364 446 512 561 594 620 646 660 666 666 666 663 660 656 656 653 650 643 640 640 640 640 646 660 669 679 689 696 699 699 699 699 702 699 696
702 709 709 709 709 706 706 709 712 712 709 702 702 702 699 696 696 696 696 696 696 696 689 686 689 689 686 686 686 683 676 673 669 673 676 676 673 666 660 660 656 656 653 653 653 663 666 660 656 653 630 594 555 459 397 351 325 302 289 286 289 299 305 299 276 249 220 197 174 154 125 99 72 76 102 125 138 154 171 197 233 272 302 312 295 295 328 374 410 423 427 397 364 338 328 322 309 272 220 220 269 338 394 459 522 568 597 614 630 643 653 663 669 669 666 666 666 663 656 646 637 637 640 637 643 653 666 679 689 699 706 712 715 712 706 702 699
706 709 709 709 706 702 699 699 699 702 699 699 699 699 696 692 689 692 692 699 696 692 689 689 689 689 689 689 686 683 679 673 669 673 673 673 673 669 663 660 660 660 666 663 656 663 669 660 653 653 633 591 551 440 394 361 332 302 282 286 295 312 315 299 272 253 223 197 174 151 131 108 79 69 89 112 122 135 158 184 213 256 282 292 292 312 351 381 397 394 381 358 332 318 312 305 279 243 223 240 292 361 423 492 561 597 604 607 614 624 637 650 666 673 673 673 673 666 660 653 646 646 643 640 643 650 663 673 679 686 696 712 722 722 709 702 699
712 709 709 709 706 702 699 696 696 696 696 696 699 696 692 689 689 689 692 696 692 692 692 689 686 689 686 686 686 683 683 679 673 669 673 666 666 673 669 666 666 669 673 666 653 660 663 656 650 646 630 591 541 423 387 364 345 315 286 286 292 312 312 292 263 246 220 194 164 148 131 112 89 72 72 85 102 115 131 154 190 233 259 272 302 338 364 377 381 371 348 325 305 295 289 272 236 220 240 276 328 394 459 545 604 624 620 614 617 620 633 646 666 679 683 679 676 673 666 660 656 656 646 640 640 643 653 663 673 683 692 712 728 722 715 709 702
712 712 712 712 709 702 702 699 696 696 692 696 699 702 696 692 689 689 689 689 689 692 696 696 689 686 686 689 686 683 683 679 679 679 673 666 673 679 683 676 669 669 673 669 660 660 663 663 660 656 633 584 525 420 387 368 345 305 276 272 292 305 299 279 263 246 223 190 161 145 131 125 115 92 72 66 82 92 102 125 164 210 249 286 322 338 348 348 341 318 295 269 266 259 243 220 207 217 272 325 391 466 545 601 630 640 633 630 630 627 633 646 663 679 683 683 683 683 676 669 666 660 650 643 643 646 650 660 666 679 696 709 719 722 719 715 712
719 715 715 712 709 709 709 702 696 692 692 696 696 699 696 692 689 686 683 683 686 689 692 692 689 689 692 692 689 686 686 686 686 683 676 669 679 689 689 679 676 669 673 669 669 666 666 669 666 653 627 604 525 433 394 364 332 292 269 269 289 299 289 272 263 253 227 187 151 138 131 138 135 105 76 62 59 66 76 102 148 204 259 292 315 315 318 309 295 269 243 223 213 213 200 190 204 243 318 387 456 525 587 630 650 646 640 643 640 630 633 643 656 673 676 679 686 692 686 679 673 666 660 653 650 650 650 656 663 676 689 699 709 715 719 719 722
719 719 715 712 709 712 712 702 696 696 696 692 692 689 689 689 686 686 686 683 683 686 686 689 689 696 696 696 692 689 686 686 686 683 673 669 679 686 683 686 679 669 669 669 676 673 669 663 660 646 630 607 535 433 387 348 302 276 266 266 289 292 279 266 256 246 220 177 148 135 138 141 131 105 79 59 43 40 56 85 135 197 249 279 289 286 286 272 249 223 197 187 181 184 200 213 243 289 361 440 519 571 624 656 656 656 656 653 646 633 637 640 646 660 673 679 689 692 689 686 683 679 666 660 653 650 650 656 663 676 686 692 699 706 715 725 725
715 712 712 715 712 715 709 702 696 699 702 699 692 686 683 686 692 692 689 683 683 689 686 689 692 696 699 699 692 686 679 679 679 683 679 679 676 673 673 679 679 669 666 673 676 673 666 663 660 650 630 607 551 437 377 335 289 266 263 266 279 282 269 259 249 236 210 174 151 145 141 135 118 82 62 49 33 30 46 72 115 174 220 249 256 253 246 230 207 177 171 177 177 190 223 259 289 335 377 450 555 620 656 666 666 669 666 660 646 640 640 640 643 650 663 679 692 702 696 692 692 689 679 673 663 656 656 656 660 666 673 679 692 706 719 725 725
709 706 709 715 715 715 712 706 699 702 702 702 699 692 689 692 699 699 692 689 689 686 689 686 686 686 696 696 689 683 676 676 683 686 683 683 679 673 673 676 679 673 673 676 679 679 673 669 669 640 607 591 528 437 361 309 279 269 263 266 272 272 263 256 249 233 210 181 164 151 128 112 89 56 36 26 26 36 49 66 99 145 187 220 233 227 207 187 167 151 154 177 197 207 243 282 322 361 414 509 594 646 666 669 676 679 676 660 650 643 643 643 640 650 663 676 692 702 702 702 706 702 689 679 673 663 663 660 663 663 669 673 683 699 712 722 728
706 706 709 715 719 712 709 702 702 699 699 699 699 699 692 696 702 702 699 699 692 686 683 679 679 683 686 689 686 679 676 679 686 686 686 683 683 679 679 679 669 663 669 679 689 686 683 676 660 617 581 545 486 414 351 305 279 266 263 263 259 253 249 246 243 230 207 184 164 145 115 89 66 40 30 26 36 46 56 66 82 115 154 184 194 190 177 164 154 158 164 190 213 233 259 299 354 430 509 568 617 663 676 683 692 689 686 673 660 650 650 643 643 653 663 676 692 702 706 712 715 709 702 692 689 679 669 669 666 666 666 673 683 696 709 719 732
712 712 715 715 712 709 709 706 702 699 696 696 699 696 692 699 706 709 702 699 689 683 679 683 689 686 686 686 683 676 673 679 686 686 686 683 679 679 679 676 663 656 666 679 686 686 686 679 643 601 564 519 463 400 345 302 272 256 256 249 240 230 233 236 233 213 190 177 154 125 95 69 43 30 26 33 46 49 56 66 79 95 128 148 151 148 145 138 145 164 187 210 233 256 286 338 440 545 601 617 646 669 679 692 699 696 689 679 673 666 656 650 650 653 660 676 692 702 709 719 722 719 712 709 702 692 679 676 673 666 666 673 686 692 706 715 722
715 715 715 715 712 712 712 709 706 699 692 696 696 696 696 702 709 706 699 692 686 679 679 689 696 696 689 689 689 683 679 679 683 686 689 683 679 683 679 673 669 669 676 676 676 679 686 660 624 587 538 486 430 381 328 286 256 246 243 240 230 217 220 220 210 187 167 158 135 92 62 40 26 20 30 43 53 56 66 72 79 79 99 118 125 118 118 128 145 171 207 240 259 286 315 374 502 594 633 646 663 673 683 692 699 699 696 689 683 679 666 663 663 660 653 663 679 696 709 722 725 715 709 715 715 702 689 676 669 666 673 676 679 689 702 712 715
712 709 706 709 712 715 715 712 706 699 692 689 689 692 692 699 702 699 692 686 679 676 683 686 686 686 689 692 696 689 683 683 686 686 689 686 683 683 683 679 683 679 673 663 650 660 673 637 584 528 463 410 368 328 292 259 243 236 243 246 227 210 204 197 177 151 135 118 92 69 43 26 20 23 36 46 59 72 89 95 95 92 92 105 115 122 128 145 171 204 246 292 312 328 361 427 522 587 633 656 673 679 686 692 702 702 699 696 692 683 673 669 669 666 663 666 676 692 712 725 725 725 719 719 719 715 706 686 673 669 676 676 676 686 696 702 712
709 706 706 709 712 715 715 712 706 699 696 696 696 689 689 692 692 689 683 683 683 689 686 683 676 676 679 689 692 689 686 689 689 683 686 689 686 683 683 683 679 666 650 637 620 614 620 581 519 456 400 358 318 282 256 233 223 227 233 227 210 190 171 158 141 128 105 85 69 46 30 30 40 49 56 59 72 99 128 148 148 138 135 135 138 148 167 190 233 272 312 354 377 394 410 479 564 610 637 660 673 673 676 689 696 699 702 702 696 692 686 679 673 673 673 676 683 692 702 715 732 732 728 722 722 719 712 699 689 689 689 686 683 689 692 696 706
709 709 709 706 706 709 715 715 709 702 699 699 696 689 686 686 683 676 676 683 689 692 686 679 679 676 679 683 686 686 683 689 686 686 689 692 689 679 666 663 653 640 630 620 604 581 568 525 453 397 351 305 269 236 220 207 204 207 197 184 164 145 131 115 108 99 76 49 30 23 26 40 56 62 62 69 85 112 145 167 177 177 181 181 184 190 217 249 299 345 384 423 463 466 499 564 610 637 663 673 676 676 676 683 689 699 706 702 702 702 699 689 683 676 676 679 683 683 686 699 722 732 728 728 725 725 722 715 706 702 699 692 686 689 692 696 706
712 709 706 702 706 706 709 712 709 702 696 696 689 686 683 683 679 679 676 686 692 689 679 676 676 679 683 686 683 673 679 683 683 683 689 683 666 643 630 633 627 614 610 591 584 545 509 446 384 332 292 259 230 204 187 181 177 171 154 131 108 95 79 72 79 66 46 30 13 17 26 46 66 62 59 72 89 118 148 174 197 220 230 233 240 253 289 322 354 394 440 496 541 574 601 610 624 646 679 686 686 686 683 683 692 702 709 709 712 712 706 696 689 683 683 683 683 679 679 692 715 728 732 732 732 732 728 722 712 706 699 692 689 689 692 696 702
712 709 702 699 699 699 699 702 706 699 692 692 689 683 679 683 686 686 686 686 686 679 679 683 679 676 673 679 676 669 673 686 679 669 666 653 630 617 607 604 594 578 541 519 499 459 420 368 312 272 243 213 190 177 158 145 135 125 112 95 76 62 53 53 49 40 26 20 20 26 36 53 69 62 62 76 95 125 158 184 220 256 272 282 295 322 368 397 430 463 505 558 610 643 640 627 624 646 673 683 689 692 689 686 692 706 715 722 725 722 712 702 699 696 689 686 686 683 686 689 699 712 725 735 738 738 735 728 715 709 709 702 699 696 696 696 699
709 706 699 696 699 696 699 702 699 692 689 692 686 679 673 676 679 683 679 679 676 673 673 679 676 669 666 669 676 679 683 683 663 643 633 624 610 594 584 561 548 519 479 453 410 368 335 286 246 217 184 158 141 135 118 105 89 82 79 72 59 46 40 40 33 26 23 23 26 33 43 56 62 59 66 82 105 138 177 213 256 292 315 338 358 384 427 459 492 525 574 617 653 663 656 643 633 640 660 673 689 692 686 689 696 702 715 728 728 722 715 712 706 702 699 692 689 689 686 686 689 696 709 722 732 738 735 728 719 722 725 722 719 712 706 702 702
702 702 696 696 692 696 699 699 692 686 686 689 686 679 673 673 676 676 676 676 673 666 666 673 676 676 676 679 683 686 679 673 650 627 610 584 571 558 535 505 473 437 410 377 322 282 249 210 184 161 135 112 95 85 69 56 46 49 49 43 33 30 30 26 20 20 20 23 26 33 40 49 59 66 82 102 125 158 207 249 289 332 368 394 414 443 473 502 541 581 627 663 676 666 660 650 643 640 650 663 679 686 689 692 696 696 702 719 728 725 719 715 712 712 709 702 696 692 692 689 689 692 702 712 722 735 735 728 725 735 745 745 735 728 722 715 715
706 702 699 696 692 696 696 696 696 689 686 689 686 683 679 679 676 673 673 676 666 660 669 676 673 676 676 673 666 656 656 653 633 614 587 558 535 502 463 437 400 354 328 299 259 217 171 138 112 89 69 56 53 46 33 23 23 33 36 33 17 17 20 17 13 20 26 30 30 36 49 66 76 85 102 122 141 177 230 276 315 361 410 437 459 492 512 558 604 633 663 686 683 676 666 666 666 656 650 653 660 676 689 706 706 702 706 712 722 728 728 725 725 719 715 709 702 699 696 692 689 692 696 702 715 732 735 725 728 742 755 758 751 748 738 735 725
706 702 702 699 696 692 692 692 699 696 689 686 686 683 683 683 683 676 673 673 666 666 676 673 669 669 669 660 653 643 627 620 604 584 551 522 469 427 394 371 322 279 253 230 190 145 102 76 59 36 23 20 23 20 10 7 17 30 33 26 13 10 13 10 13 26 43 59 72 79 85 95 105 112 141 161 181 217 266 302 341 391 440 469 499 522 561 607 646 666 683 689 686 679 676 676 676 669 656 650 656 669 689 712 719 712 712 712 715 722 728 738 735 732 728 725 719 712 706 702 699 696 696 699 712 725 728 725 732 742 755 761 761 758 758 751 738
706 699 696 699 692 686 683 686 699 699 692 686 683 679 676 673 673 673 676 676 676 679 679 673 663 656 660 650 646 627 597 578 538 505 473 430 371 338 318 279 246 223 197 167 122 89 56 36 26 17 10 7 10 3 0 7 20 30 30 26 23 30 33 33 40 43 62 89 105 115 115 125 141 164 184 204 233 276 309 338 377 423 473 499 522 555 597 643 669 683 689 692 689 689 686 683 676 669 656 653 660 669 686 702 719 725 725 719 715 719 725 732 738 742 745 738 728 719 715 715 709 702 702 706 706 722 735 745 748 751 765 768 768 765 765 761 748
702 699 699 699 692 683 679 683 692 692 692 683 679 673 669 669 669 673 683 689 689 679 673 669 656 643 640 614 587 568 551 515 466 423 384 345 309 276 240 204 181 164 135 105 69 49 20 7 3 7 17 20 26 30 30 36 43 43 46 53 62 79 82 85 82 79 85 102 118 135 148 161 177 194 210 240 282 322 348 374 420 469 502 525 561 604 640 673 696 702 702 699 696 696 692 689 683 673 660 656 656 663 679 696 715 728 732 725 722 722 725 728 738 745 745 745 735 728 728 728 722 715 715 712 712 725 742 758 761 761 765 771 774 774 778 774 765
706 702 696 692 689 689 689 689 686 686 686 683 683 679 676 676 679 679 683 686 679 663 656 663 650 624 597 564 535 502 463 453 404 351 315 272 243 210 177 148 128 108 79 53 33 20 10 0 7 26 36 43 49 59 69 72 69 59 66 76 89 102 115 118 115 112 112 125 148 158 177 197 217 233 256 286 322 354 377 410 459 502 532 568 627 666 683 702 712 712 712 706 696 692 692 689 683 673 666 660 653 656 669 686 706 725 735 732 732 732 728 728 735 742 742 745 745 742 738 738 732 725 722 719 715 728 745 758 761 765 771 778 781 781 778 778 774
702 706 696 686 689 692 692 692 689 683 683 686 689 689 692 686 683 679 669 653 650 656 660 656 624 584 538 496 456 414 384 351 305 286 259 223 190 158 125 95 79 59 46 30 13 10 10 13 23 43 49 66 76 85 85 79 69 72 82 95 102 115 131 138 138 141 148 161 181 190 213 243 269 289 309 328 351 381 417 456 489 528 571 627 676 699 702 712 719 719 719 709 696 689 689 689 679 673 669 660 653 650 663 683 699 722 738 735 735 732 728 725 732 738 742 745 745 745 745 748 745 738 728 719 719 728 745 758 771 778 781 784 784 784 784 781 781
706 706 699 696 692 692 696 699 696 689 686 689 686 686 686 686 679 673 656 637 637 643 643 620 568 528 482 423 377 348 315 272 240 220 197 174 141 112 89 62 43 30 23 20 13 7 10 23 43 56 72 85 95 95 85 72 72 82 105 122 122 131 145 154 161 167 181 200 223 249 269 286 305 328 345 361 377 414 469 512 558 597 630 663 692 712 712 712 715 722 725 715 699 692 692 692 683 673 666 663 660 656 663 683 702 725 732 732 735 735 732 732 735 738 742 745 748 748 755 758 755 748 742 728 728 728 735 748 768 781 781 784 788 788 791 791 784
709 702 699 699 696 692 692 696 692 692 689 686 679 673 673 676 666 660 653 640 627 620 604 564 519 473 417 364 325 299 263 227 194 158 135 118 85 69 53 46 26 13 10 7 17 20 30 49 66 72 82 99 102 102 92 85 85 102 125 141 145 154 171 181 187 207 230 253 279 295 309 318 335 364 387 410 437 486 535 571 610 646 666 673 686 702 706 709 715 722 722 715 706 699 699 692 683 673 666 666 663 660 663 676 699 715 725 732 745 748 745 738 735 738 745 755 758 758 761 765 761 755 751 745 738 732 732 748 761 774 781 784 788 791 791 791 788
712 702 696 699 696 692 689 689 692 692 689 686 683 673 666 660 650 646 650 643 617 587 548 505 459 410 354 305 269 249 217 181 145 112 85 66 46 36 30 23 7 0 10 20 40 53 59 76 85 85 89 99 105 105 102 105 112 128 151 167 181 200 217 230 249 272 282 292 305 318 332 351 374 410 433 476 525 574 604 627 656 683 679 673 676 692 706 715 719 719 719 719 712 702 696 692 683 676 673 673 666 663 669 679 692 712 722 732 745 755 755 748 745 745 751 765 771 768 768 768 765 761 755 745 738 735 738 748 758 771 781 784 788 791 794 794 794
715 706 699 696 699 696 692 696 702 699 692 689 692 686 663 653 643 643 650 624 571 525 479 427 394 348 299 259 227 194 164 128 99 69 43 36 26 17 10 0 7 26 49 69 85 89 89 95 102 95 85 95 105 105 112 131 148 164 184 204 227 253 266 282 302 322 328 338 341 354 368 387 427 469 512 551 597 640 663 676 686 696 686 676 683 696 709 715 715 715 719 722 715 702 696 689 679 673 679 683 676 673 669 673 686 696 702 719 742 751 755 755 751 751 758 768 774 771 771 774 771 765 758 748 742 738 742 745 751 765 774 784 788 797 801 804 807
712 702 696 699 699 699 696 699 699 699 692 683 683 676 656 650 643 640 630 574 515 476 427 374 335 295 259 230 194 154 122 85 56 33 10 7 13 13 17 40 49 72 95 112 118 125 125 125 125 115 102 105 112 118 131 151 171 197 223 246 269 282 295 318 345 361 377 387 387 397 404 427 473 519 568 610 646 676 686 686 692 696 689 683 689 702 712 715 719 719 719 719 712 706 696 686 683 686 692 689 686 683 679 679 683 689 692 706 728 748 758 765 765 761 758 761 765 768 771 778 778 774 765 755 748 745 742 745 745 758 768 774 784 794 801 807 811
712 706 706 706 702 702 699 692 686 683 679 679 676 666 650 646 643 630 581 525 476 430 377 332 295 266 230 190 154 115 76 43 26 13 0 13 33 43 59 92 112 131 154 167 171 177 184 184 174 158 138 128 125 138 161 184 200 230 266 289 295 305 322 345 371 394 410 417 417 427 437 463 515 564 610 653 683 696 696 689 692 692 692 689 692 702 712 719 722 725 725 725 719 709 696 692 692 699 702 702 696 689 689 686 686 689 692 706 728 758 771 771 768 761 758 755 755 765 774 781 781 781 774 768 758 748 742 742 745 751 761 768 781 794 801 801 804
719 715 712 709 709 712 702 689 679 676 676 676 669 656 646 643 630 597 535 489 437 387 335 295 266 227 190 148 112 79 49 20 10 17 20 43 62 85 112 148 177 197 217 233 240 243 249 246 223 197 174 164 158 177 217 240 259 282 302 315 315 325 341 364 387 414 430 440 446 459 482 528 581 633 663 683 692 702 699 692 696 699 699 696 696 706 719 728 728 732 728 722 719 712 702 699 702 706 709 706 702 699 696 692 692 696 699 712 735 761 778 774 768 765 755 751 755 771 781 781 781 784 778 771 768 758 751 745 745 751 761 765 771 784 794 797 801
725 722 712 706 709 715 709 696 689 686 686 676 663 656 643 630 604 561 499 430 377 345 312 269 230 184 151 115 79 43 26 3 13 30 49 72 99 135 167 200 223 243 259 279 292 292 292 279 263 236 227 227 220 230 256 286 312 325 335 335 335 345 371 400 420 440 459 473 492 532 571 614 663 692 706 706 706 709 706 702 702 706 709 709 709 715 725 732 735 735 732 722 715 712 709 706 706 715 719 715 712 709 706 702 699 702 706 715 732 751 768 771 774 768 765 761 761 771 778 781 784 788 788 784 781 771 761 748 742 755 765 768 768 771 788 797 807
725 725 719 709 706 712 706 696 689 699 689 666 653 650 640 610 571 512 433 368 332 309 269 227 184 135 102 69 33 23 17 26 40 62 99 128 161 200 227 249 266 279 289 305 322 318 318 328 315 299 292 295 292 299 309 328 348 361 364 361 361 377 400 423 446 466 496 525 568 630 663 689 709 725 725 719 712 709 709 706 706 712 719 719 719 722 735 742 738 735 732 725 715 709 709 709 715 728 732 728 725 722 712 706 702 709 712 715 725 738 755 771 774 778 771 768 765 765 774 781 788 794 797 797 791 781 771 758 751 765 774 774 771 771 781 794 807
725 732 722 712 712 709 702 696 692 699 686 660 650 643 617 571 512 443 381 335 309 286 240 184 138 89 59 30 17 17 30 59 76 99 138 174 210 249 282 299 309 315 318 328 332 332 335 348 348 345 341 345 348 345 348 364 377 387 384 384 387 400 423 446 476 509 538 584 637 683 709 725 735 738 735 728 722 722 722 722 722 725 728 725 722 725 735 745 745 745 742 732 722 715 715 715 722 732 735 732 728 728 722 712 709 712 715 719 722 728 745 765 774 784 781 774 768 768 774 778 791 797 801 804 801 791 784 771 765 765 778 778 778 778 781 784 801
728 735 728 722 712 709 702 699 699 689 663 633 624 620 584 525 469 417 364 318 289 263 213 151 105 69 33 20 23 26 56 92 112 131 167 207 243 282 309 318 322 328 335 338 335 335 341 348 358 364 368 371 368 368 377 394 400 410 417 420 420 433 459 489 528 564 601 640 676 702 722 742 748 742 738 735 732 728 732 735 738 732 732 728 728 728 735 745 748 748 742 732 725 722 722 722 725 735 738 735 732 732 732 719 715 719 719 719 722 728 745 758 774 788 788 784 781 774 778 781 791 801 807 814 811 801 791 781 774 768 774 781 788 788 788 788 797
725 728 725 715 712 699 692 696 696 683 656 620 604 607 555 496 443 387 338 295 266 227 177 125 85 59 26 20 36 62 89 118 141 167 213 249 282 309 325 328 325 332 338 335 332 338 341 351 358 364 374 381 381 384 397 417 427 443 453 459 463 479 512 548 591 630 660 686 719 728 732 738 745 745 742 738 735 735 742 751 748 738 732 735 735 735 738 745 748 748 742 732 725 722 722 722 728 738 742 742 738 735 728 725 722 728 728 722 725 732 745 758 774 788 794 791 791 788 781 778 791 804 811 814 811 804 797 791 784 778 781 791 801 801 794 791 794
719 719 715 712 706 696 679 683 683 673 660 630 614 581 525 476 410 354 305 276 246 187 135 99 72 49 20 26 59 89 115 148 187 220 259 286 309 318 328 328 325 332 338 341 341 348 358 368 371 371 377 391 404 420 430 443 459 473 482 489 512 564 597 620 650 673 696 719 742 742 738 742 751 751 751 748 742 742 748 751 751 742 735 742 742 742 742 745 748 748 745 738 732 728 725 728 732 735 738 742 742 738 728 728 735 735 732 728 728 735 735 745 768 784 791 791 791 794 788 791 797 804 811 811 811 811 804 797 788 784 784 797 811 811 801 797 797
719 719 712 712 712 709 696 676 656 633 630 630 607 558 492 427 374 335 289 256 213 148 99 56 33 20 17 40 82 115 145 190 230 259 282 299 315 322 325 332 338 341 358 381 391 394 397 410 420 427 437 459 482 499 505 525 528 525 532 548 591 643 669 679 692 706 719 728 738 745 748 751 755 758 758 755 748 745 745 748 745 745 745 748 751 751 751 755 755 748 742 738 738 735 735 732 732 735 735 738 745 748 745 742 742 738 728 728 735 735 735 745 755 768 781 788 794 797 801 801 797 801 801 804 811 814 811 804 791 788 791 801 814 817 814 811 811
715 715 712 712 719 719 706 676 650 630 630 617 574 515 446 394 358 325 276 233 174 115 72 33 10 7 13 49 102 138 174 210 249 282 302 315 325 338 345 351 361 387 437 459 476 479 486 502 512 522 545 571 591 604 614 624 620 614 610 614 640 683 702 712 719 719 728 742 748 751 755 755 758 761 761 758 755 751 748 748 751 751 751 751 758 765 768 765 761 751 745 742 742 742 738 732 735 738 742 742 748 751 751 745 742 735 728 732 738 738 745 748 751 761 774 788 794 801 804 804 801 801 804 807 814 820 817 811 804 801 801 801 811 820 824 824 824
719 722 722 715 712 712 699 683 663 653 637 597 548 496 427 377 341 299 249 200 145 95 59 33 20 23 53 82 112 148 181 227 276 309 325 335 345 358 377 387 414 489 568 607 601 594 594 597 610 620 630 643 653 660 669 669 669 663 656 653 660 679 696 709 715 725 735 748 751 755 758 761 761 761 761 761 761 758 758 758 761 761 761 758 761 771 774 771 768 761 755 751 751 748 745 738 735 738 745 745 748 755 758 751 748 738 735 738 742 742 748 751 755 765 774 784 794 801 807 807 811 811 811 817 824 824 820 820 814 807 801 804 814 820 827 830 830
722 728 732 722 709 699 699 692 673 643 614 571 532 473 414 371 335 286 230 174 115 66 36 26 20 36 69 95 122 145 190 253 302 328 338 351 361 384 420 450 512 617 663 666 666 666 663 666 669 673 673 676 683 686 686 689 689 686 676 669 676 683 689 696 706 719 728 735 745 751 758 765 765 768 768 765 765 765 765 768 768 771 768 765 768 774 778 774 774 768 761 755 751 748 748 742 738 745 751 751 751 755 761 761 755 751 748 748 745 745 751 751 751 761 774 784 794 807 811 811 811 811 817 830 830 830 824 820 817 807 804 811 817 824 830 833 833
728 732 732 722 706 699 692 689 673 624 578 532 486 427 384 348 315 266 217 171 108 59 20 17 26 49 79 105 131 161 204 256 302 335 354 368 377 397 446 505 584 637 663 669 673 676 676 676 679 679 679 686 692 692 689 686 689 689 686 686 689 686 686 692 696 702 715 728 735 738 745 751 758 765 771 768 768 771 771 774 774 771 771 771 774 778 778 778 774 774 771 768 761 758 755 748 745 751 761 758 755 755 761 765 765 765 761 758 755 748 751 755 755 761 774 784 794 804 814 817 814 817 820 827 827 827 830 830 820 811 807 814 824 833 837 840 843
728 732 728 715 702 702 702 689 650 587 538 489 440 397 361 318 282 240 194 145 95 43 7 10 33 62 89 118 154 190 227 272 309 338 364 384 397 417 463 538 610 653 663 669 676 679 679 679 679 683 686 692 696 699 696 689 692 696 696 696 699 696 689 692 692 692 699 709 715 719 722 728 742 751 755 758 768 774 774 774 778 781 781 781 778 778 778 781 781 781 778 778 774 774 768 761 758 765 765 765 761 765 771 774 771 771 768 765 761 755 751 755 758 761 774 784 791 801 811 814 817 824 824 827 830 830 833 833 827 817 814 817 827 833 840 847 850
719 719 709 699 699 699 702 669 607 541 496 453 410 384 354 302 263 227 164 118 79 36 10 17 43 76 102 138 177 217 249 292 322 341 364 394 417 446 515 604 653 666 666 673 679 683 686 689 689 686 692 699 702 706 702 699 699 702 702 702 706 699 696 696 696 692 692 696 702 706 709 712 722 732 735 745 765 778 778 778 778 781 781 781 778 778 781 781 784 784 784 784 781 781 778 774 771 771 768 765 768 774 781 784 781 774 771 771 768 761 755 758 761 768 778 788 791 797 807 817 827 830 830 833 830 830 830 830 830 827 824 820 820 830 837 847 853
715 706 689 692 706 712 689 643 578 519 466 420 384 361 338 289 243 200 151 99 56 23 10 20 53 85 108 145 194 240 279 305 332 348 371 394 427 499 594 637 660 666 666 669 673 679 689 696 696 692 696 702 706 706 706 706 706 706 709 709 709 706 702 702 702 702 702 706 706 706 706 709 709 712 722 738 755 771 778 774 778 781 784 784 781 781 784 781 788 788 788 788 781 781 781 784 784 778 774 774 774 778 781 784 784 778 774 774 771 765 758 758 761 768 774 784 791 797 807 824 837 837 833 833 837 837 837 837 837 837 830 820 827 837 843 850 853
715 702 686 689 706 696 660 610 541 496 443 391 364 351 312 266 217 164 118 66 23 7 17 40 69 105 131 167 213 256 299 328 345 361 381 404 459 545 610 646 656 660 663 669 669 673 683 692 696 696 696 702 706 712 715 712 712 712 712 712 712 712 712 709 712 715 715 715 712 709 712 715 712 715 722 735 748 761 768 771 778 784 781 781 781 784 788 791 791 791 791 791 791 788 788 794 794 788 781 781 784 781 781 784 784 778 774 774 771 771 765 765 768 771 781 791 801 811 814 824 833 840 840 843 847 843 843 843 840 837 830 827 833 847 853 860 860
!END_HEIGHT

!START_INIT_STATE
100 100 100 100 100 100 100 100 100 100 100 100 100 100 100 100 100 100 100 100 100 100 100 100 100 100 100 100 100 100 100 100 100 100 100 100 100 100 100 100 100 100 100 100 100 100 100 100 100 100 100 100 100 100 100 100 100 100 100 100 100 100 100 100 100 100 100 100 100 100 100 100 100 100 100 100 100 100 100 100 100 100 100 100 100 100 100 100 100 100 100 100 100 100 100 100 100 100 100 100 100 100 100 100 100 100 100 100 100 100 100 100 100 100 100 100 100 100 100 100 100 100 100 100 100 100 100 100 100 100 100 100 100 100 100 100 100
100 100 100 100 100 100 100 100 100 100 100 100 100 100 100 100 100 100 100 100 100 100 100 100 100 100 100 100 100 100 100 100 100 100 100 100 100 100 100 100 100 100 100 100 100 100 100 100 100 100 100 100 100 100 100 100 100 100 100 100 100 100 100 100 100 100 100 100 100 100 100 100 100 100 100 100 100 100 100 100 100 100 100 100 100 100 100 100 100 100 100 100 100 100 100 100 100 100 100 100 100 100 100 100 100 100 100 100 100 100 100 100 100 100 100 100 100 100 100 100 100 100 100 100 100 100 100 100 100 100 100 100 100 100 100 100 100
100 100 100 100 100 100 100 100 100 100 100 100 100 100 100 100 100 100 100 100 100 100 100 100 100 100 100 100 100 100 100 100 100 100 100 100 100 100 100 100 100 100 100 100 100 100 100 100 100 100 100 100 100 100 100 100 100 100 100 100 100 100 100 100 100 100 100 100 100 100 100 100 100 100 100 100 100 100 100 100 100 100 100 100 100 100 100 100 100 100 100 100 100 100 100 100 100 100 100 100 100 100 100 100 100 100 100 100 100 100 100 100 100 100 100 100 100 100 100 100 100 100 100 100 100 100 100 100 100 100 100 100 100 100 100 100 100
100 100 100 100 100 100 100 100 100 100 100 100 100 100 100 100 100 100 100 100 100 100 100 100 100 100 100 100 100 100 100 100 100 100 100 100 100 100 100 100 100 100 100 100 100 100 100 100 100 100 100 100 100 100 100 100 100 100 100 100 100 100 100 100 100 100 100 100 100 100 100 100 100 100 100 100 100 100 100 100 100 100 100 100 100 100 100 100 100 100 100 100 100 100 100 100 100 100 100 100 100 100 100 100 100 100 100 100 100 100 100 100 100 100 100 100 100 100 100 100 100 100 100 100 100 100 100 100 100 100 100 100 100 100 100 100 100
100 100 100 100 100 100 100 100 100 100 100 100 100 100 100 100 100 100 100 100 100 100 100 100 100 100 100 100 100 100 100 100 100 100 100 100 100 100 100 100 100 100 100 100 100 100 100 100 100 100 100 100 100 100 100 100 100 100 100 100 100 100 100 100 100 100 100 100 100 100 100 100 100 100 100 100 100 100 100 100 100 100 100 100 100 100 100 100 100 100 100 100 100 100 100 100 100 100 100 100 100 100 100 100 100 100 100 100 100 100 100 100 100 100 100 100 100 100 100 100 100 100 100 100 100 100 100 100 100 100 100 100 100 100 100 100 100
100 100 100 100 100 100 100 100 100 100 100 100 100 100 100 100 100 100 100 100 100 100 100 100 100 100 100 100 100 100 100 100 100 100 100 100 100 100 100 100 100 100 100 100 100 100 100 100 100 100 100 100 100 100 100 100 100 100 100 100 100 100 100 100 100 100 100 100 100 100 100 100 100 100 100 100 100 100 100 100 100 100 100 100 100 100 100 100 100 100 100 100 100 100 100 100 100 100 100 100 100 100 100 100 100 100 100 100 100 100 100 100 100 100 100 100 100 100 100 100 100 100 100 100 100 100 100 100 100 100 100 100 100 100 100 100 100
100 100 100 100 100 100 100 100 100 100 100 100 100 100 100 100 100 100 100 100 100 100 100 100 100 100 100 100 100 100 100 100 100 100 100 100 100 100 100 100 100 100 100 100 100 100 100 100 100 100 100 100 100 100 100 100 100 100 100 100 100 100 100 100 100 100 100 100 100 100 100 100 100 100 100 100 100 100 100 100 100 100 100 100 100 100 100 100 100 100 100 100 100 100 100 100 100 100 100 100 100 100 100 100 100 100 100 100 100 100 100 100 100 100 100 100 100 100 100 100 100 100 100 100 100 100 100 100 100 100 100 100 100 100 100 100 100
100 100 100 100 100 100 100 100 100 100 100 100 100 100 100 100 100 100 100 100 100 100 100 100 100 100 100 100 100 100 100 100 100 100 100 100 100 100 100 100 100 100 100 100 100 100 100 100 100 100 100 100 100 100 100 100 100 100 100 100 100 100 100 100 100 100 100 100 100 100 100 100 100 100 100 100 100 100 100 100 100 100 100 100 100 100 100 100 100 100 100 100 100 100 100 100 100 100 100 100 100 100 100 100 100 100 100 100 100 100 100 100 100 100 100 100 100 100 100 100 100 100 100 100 100 100 100 100 100 100 100 100 100 100 100 100 100
100 100 100 100 100 100 100 100 100 100 100 100 100 100 100 100 100 100 100 100 100 100 100 100 100 100 100 100 100 100 100 100 100 100 100 100 100 100 100 100 100 100 100 100 100 100 100 100 100 100 100 100 100 100 100 100 100 100 100 100 100 100 100 100 100 100 100 100 100 100 100 100 100 100 100 100 100 100 100 100 100 100 100 100 100 100 100 100 100 100 100 100 100 100 100 100 100 100 100 100 100 100 100 100 100 100 100 100 100 100 100 100 100 100 100 100 100 100 100 100 100 100 100 100 100 100 100 100 100 100 100 100 100 100 100 100 100
100 100 100 100 100 100 100 100 100 100 100 100 100 100 100 100 100 100 100 100 100 100 100 100 100 100 100 100 100 100 100 100 100 100 100 100 100 100 100 100 100 100 100 100 100 100 100 100 100 100 100 100 100 100 100 100 100 100 100 100 100 100 100 100 100 100 100 100 100 100 100 100 100 100 100 100 100 100 100 100 100 100 100 100 100 100 100 100 100 100 100 100 100 100 100 100 100 100 100 100 100 100 100 100 100 100 100 100 100 100 100 100 100 100 100 100 100 100 100 100 100 100 100 100 100 100 100 100 100 100 100 100 100 100 100 100 100
100 100 100 100 100 100 100 100 100 100 100 100 100 100 100 100 100 100 100 100 100 100 100 100 100 100 100 100 100 100 100 100 100 100 100 100 100 100 100 100 100 100 100 100 100 100 100 100 100 100 100 100 100 100 100 100 100 100 100 100 100 100 100 100 100 100 100 100 100 100 100 100 100 100 100 100 100 100 100 100 100 100 100 100 100 100 100 100 100 100 100 100 100 100 100 100 100 100 100 100 100 100 100 100 100 100 100 100 100 100 100 100 100 100 100 100 100 100 100 100 100 100 100 100 100 100 100 100 100 100 100 100 100 100 100 100 100
100 100 100 100 100 100 100 100 100 100 100 100 100 100 100 100 100 100 100 100 100 100 100 100 100 100 100 100 100 100 100 100 100 100 100 100 100 100 100 100 100 100 100 100 100 100 100 100 100 100 100 100 100 100 100 100 100 100 100 100 100 100 100 100 100 100 100 100 100 100 100 100 100 100 100 100 100 100 100 100 100 100 100 100 100 100 100 100 100 100 100 100 100 100 100 100 100 100 100 100 100 100 100 100 100 100 100 100 100 100 100 100 100 100 100 100 100 100 100 100 100 100 100 100 100 100 100 100 100 100 100 100 100 100 100 100 100
100 100 100 100 100 100 100 100 100 100 100 100 100 100 100 100 100 100 100 100 100 100 100 100 100 100 100 100 100 100 100 100 100 100 100 100 100 100 100 100 100 100 100 100 100 100 100 100 100 100 100 100 100 100 100 100 100 100 100 100 100 100 100 100 100 100 100 100 100 100 100 100 100 100 100 100 100 100 100 100 100 100 100 100 100 100 100 100 100 100 100 100 100 100 100 100 100 100 100 100 100 100 100 100 100 100 100 100 100 100 100 100 100 100 100 100 100 100 100 100 100 100 100 100 100 100 100 100 100 100 100 100 100 100 100 100 100
100 100 100 100 100 100 100 100 100 100 100 100 100 100 100 100 100 100 100 100 100 100 100 100 100 100 100 100 100 100 100 100 100 100 100 100 100 100 100 100 100 100 100 100 100 100 100 100 100 100 100 100 100 100 100 100 100 100 100 100 100 100 100 100 100 100 100 100 100 100 100 100 100 100 100 100 100 100 100 100 100 100 100 100 100 100 100 100 100 100 100 100 100 100 100 100 100 100 100 100 100 100 100 100 100 100 100 100 100 100 100 100 100 100 100 100 100 100 100 100 100 100 100 100 100 100 100 100 100 100 100 100 100 100 100 100 100
100 100 100 100 100 100 100 100 100 100 100 100 100 100 100 100 100 100 100 100 100 100 100 100 100 100 100 100 100 100 100 100 100 100 100 100 100 100 100 100 100 100 100 100 100 100 100 100 100 100 100 100 100 100 100 100 100 100 100 100 100 100 100 100 100 100 100 100 100 100 100 100 100 100 100 100 100 100 100 100 100 100 100 100 100 100 100 100 100 100 100 100 100 100 100 100 100 100 100 100 100 100 100 100 100 100 100 100 100 100 100 100 100 100 100 100 100 100 100 100 100 100 100 100 100 100 100 100 100 100 100 100 100 100 100 100 100
100 100 100 100 100 100 100 100 100 100 100 100 100 100 100 100 100 100 100 100 100 100 100 100 100 100 100 100 100 100 100 100 100 100 100 100 100 100 100 100 100 100 100 100 100 100 100 100 100 100 100 100 100 100 100 100 100 100 100 100 100 100 100 100 100 100 100 100 100 100 100 100 100 100 100 100 100 100 100 100 100 100 100 100 100 100 100 100 100 100 100 100 100 100 100 100 100 100 100 100 100 100 100 100 100 100 100 100 100 100 100 100 100 100 100 100 100 100 100 100 100 100 100 100 100 100 100 100 100 100 100 100 100 100 100 100 100
100 100 100 100 100 100 100 100 100 100 100 100 100 100 100 100 100 100 100 100 100 100 100 100 100 100 100 100 100 100 100 100 100 100 100 100 100 100 100 100 100 100 100 100 100 100 100 100 100 100 100 100 100 100 100 100 100 100 100 100 100 100 100 100 100 100 100 100 100 100 100 100 100 100 100 100 100 100 100 100 100 100 100 100 100 100 100 100 100 100 100 100 100 100 100 100 100 100 100 100 100 100 100 100 100 100 100 100 100 100 100 100 100 100 100 100 100 100 100 100 100 100 100 100 100 100 100 100 100 100 100 100 100 100 100 100 100
100 100 100 100 100 100 100 100 100 100 100 100 100 100 100 100 100 100 100 100 100 100 100 100 100 100 100 100 100 100 100 100 100 100 100 100 100 100 100 100 100 100 100 100 100 100 100 100 100 100 100 100 100 100 100 100 100 100 100 100 100 100 100 100 100 100 100 100 100 100 100 100 100 100 100 100 100 100 100 100 100 100 100 100 100 100 100 100 100 100 100 100 100 100 100 100 100 100 100 100 100 100 100 100 100 100 100 100 100 100 100 100 100 100 100 100 100 100 100 100 100 100 100 100 100 100 100 100 100 100 100 100 100 100 100 100 100
100 100 100 100 100 100 100 100 100 100 100 100 100 100 100 100 100 100 100 100 100 100 100 100 100 100 100 100 100 100 100 100 100 100 100 100 100 100 100 100 100 100 100 100 100 100 100 100 100 100 100 100 100 100 100 100 100 100 100 100 100 100 100 100 100 100 100 100 100 100 100 100 100 100 100 100 100 100 100 100 100 100 100 100 100 100 100 100 100 100 100 100 100 100 100 100 100 100 100 100 100 100 100 100 100 100 100 100 100 100 100 100 100 100 100 100 100 100 100 100 100 100 100 100 100 100 100 100 100 100 100 100 100 100 100 100 100
100 100 100 100 100 100 100 100 100 100 100 100 100 100 100 100 100 100 100 100 100 100 100 100 100 100 100 100 100 100 100 100 100 100 100 100 100 100 100 100 100 100 100 100 100 100 100 100 100 100 100 100 100 100 100 100 100 100 100 100 100 100 100 100 100 100 100 100 100 100 100 100 100 100 100 100 100 100 100 100 100 100 100 100 100 100 100 100 100 100 100 100 100 100 100 100 100 100 100 100 100 100 100 100 100 100 100 100 100 100 100 100 100 100 100 100 100 100 100 100 100 100 100 100 100 100 100 100 100 100 100 100 100 100 100 100 100
100 100 100 100 100 100 100 100 100 100 100 100 100 100 100 100 100 100 100 100 100 100 100 100 100 100 100 100 100 100 100 100 100 100 100 100 100 100 100 100 100 100 100 100 100 100 100 100 100 100 100 100 100 100 100 100 100 100 100 100 100 100 100 100 100 100 100 100 100 100 100 100 100 100 100 100 100 100 100 100 100 100 100 100 100 100 100 100 100 100 100 100 100 100 100 100 100 100 100 100 100 100 100 100 100 100 100 100 100 100 100 100 100 100 100 100 100 100 100 100 100 100 100 100 100 100 100 100 100 100 100 100 100 100 100 100 100
100 100 100 100 100 100 100 100 100 100 100 100 100 100 100 100 100 100 100 100 100 100 100 100 100 100 100 100 100 100 100 100 100 100 100 100 100 100 100 100 100 100 100 100 100 100 100 100 100 100 100 100 100 100 100 100 100 100 100 100 100 100 100 100 100 100 100 100 100 100 100 100 100 100 100 100 100 100 100 100 100 100 100 100 100 100 100 100 100 100 100 100 100 100 100 100 100 100 100 100 100 100 100 100 100 100 100 100 100 100 100 100 100 100 100 100 100 100 100 100 100 100 100 100 100 100 100 100 100 100 100 100 100 100 100 100 100
100 100 100 100 100 100 100 100 100 100 100 100 100 100 100 100 100 100 100 100 100 100 100 100 100 100 100 100 100 100 100 100 100 100 100 100 100 100 100 100 100 100 100 100 100 100 100 100 100 100 100 100 100 100 100 100 100 100 100 100 100 100 100 100 100 100 100 100 100 100 100 100 100 100 100 100 100 100 100 100 100 100 100 100 100 100 100 100 100 100 100 100 100 100 100 100 100 100 100 100 100 100 100 100 100 100 100 100 100 100 100 100 100 100 100 100 100 100 100 100 100 100 100 100 100 100 100 100 100 100 100 100 100 100 100 100 100
100 100 100 100 100 100 100 100 100 100 100 100 100 100 100 100 100 100 100 100 100 100 100 100 100 100 100 100 100 100 100 100 100 100 100 100 100 100 100 100 100 100 100 100 100 100 100 100 100 100 100 100 100 100 100 100 100 100 100 100 100 100 100 100 100 100 100 100 100 100 100 100 100 100 100 100 100 100 100 100 100 100 100 100 100 100 100 100 100 100 100 100 100 100 100 100 100 100 100 100 100 100 100 100 100 100 100 100 100 100 100 100 100 100 100 100 100 100 100 100 100 100 100 100 100 100 100 100 100 100 100 100 100 100 100 100 100
100 100 100 100 100 100 100 100 100 100 100 100 100 100 100 100 100 100 100 100 100 100 100 100 100 100 100 100 100 100 100 100 100 100 100 100 100 100 100 100 100 100 100 100 100 100 100 100 100 100 100 100 100 100 100 100 100 100 100 100 100 100 100 100 100 100 100 100 100 100 100 100 100 100 100 100 100 100 100 100 100 100 100 100 100 100 100 100 100 100 100 100 100 100 100 100 100 100 100 100 100 100 100 100 100 100 100 100 100 100 100 100 100 100 100 100 100 100 100 100 100 100 100 100 100 100 100 100 100 100 100 100 100 100 100 100 100
100 100 100 100 100 100 100 100 100 100 100 100 100 100 100 100 100 100 100 100 100 100 100 100 100 100 100 100 100 100 100 100 100 100 100 100 100 100 100 100 100 100 100 100 100 100 100 100 100 100 100 100 100 100 100 100 100 100 100 100 100 100 100 100 100 100 100 100 100 100 100 100 100 100 100 100 100 100 100 100 100 100 100 100 100 100 100 100 100 100 100 100 100 100 100 100 100 100 100 100 100 100 100 100 100 100 100 100 100 100 100 100 100 100 100 100 100 100 100 100 100 100 100 100 100 100 100 100 100 100 100 100 100 100 100 100 100
100 100 100 100 100 100 100 100 100 100 100 100 100 100 100 100 100 100 100 100 100 100 100 100 100 100 100 100 100 100 100 100 100 100 100 100 100 100 100 100 100 100 100 100 100 100 100 100 100 100 100 100 100 100 100 100 100 100 100 100 100 100 100 100 100 100 100 100 100 100 100 100 100 100 100 100 100 100 100 100 100 100 100 100 100 100 100 100 100 100 100 100 100 100 100 100 100 100 100 100 100 100 100 100 100 100 100 100 100 100 100 100 100 100 100 100 100 100 100 100 100 100 100 100 100 100 100 100 100 100 100 100 100 100 100 100 100
100 100 100 100 100 100 100 100 100 100 100 100 100 100 100 100 100 100 100 100 100 100 100 100 100 100 100 100 100 100 100 100 100 100 100 100 100 100 100 100 100 100 100 100 100 100 100 100 100 100 100 100 100 100 100 100 100 100 100 100 100 100 100 100 100 100 100 100 100 100 100 100 100 100 100 100 100 100 100 100 100 100 100 100 100 100 100 100 100 100 100 100 100 100 100 100 100 100 100 100 100 100 100 100 100 100 100 100 100 100 100 100 100 100 100 100 100 100 100 100 100 100 100 100 100 100 100 100 100 100 100 100 100 100 100 100 100
100 100 100 100 100 100 100 100 100 100 100 100 100 100 100 100 100 100 100 100 100 100 100 100 100 100 100 100 100 100 100 100 100 100 100 100 100 100 100 100 100 100 100 100 100 100 100 100 100 100 100 100 100 100 100 100 100 100 100 100 100 100 100 100 100 100 100 100 100 100 100 100 100 100 100 100 100 100 100 100 100 100 100 100 100 100 100 100 100 100 100 100 100 100 100 100 100 100 100 100 100 100 100 100 100 100 100 100 100 100 100 100 100 100 100 100 100 100 100 100 100 100 100 100 100 100 100 100 100 100 100 100 100 100 100 100 100
100 100 100 100 100 100 100 100 100 100 100 100 100 100 100 100 100 100 100 100 100 100 100 100 100 100 100 100 100 100 100 100 100 100 100 100 100 100 100 100 100 100 100 100 100 100 100 100 100 100 100 100 100 100 100 100 100 100 100 100 100 100 100 100 100 100 100 100 100 100 100 100 100 100 100 100 100 100 100 100 100 100 100 100 100 100 100 100 100 100 100 100 100 100 100 100 100 100 100 100 100 100 100 100 100 100 100 100 100 100 100 100 100 100 100 100 100 100 100 100 100 100 100 100 100 100 100 100 100 100 100 100 100 100 100 100 100
100 100 100 100 100 100 100 100 100 100 100 100 100 100 100 100 100 100 100 100 100 100 100 100 100 100 100 100 100 100 100 100 100 100 100 100 100 100 100 100 100 100 100 100 100 100 100 100 100 100 100 100 100 100 100 100 100 100 100 100 100 100 100 100 100 100 100 100 100 100 100 100 100 100 100 100 100 100 100 100 100 100 100 100 100 100 100 100 100 100 100 100 100 100 100 100 100 100 100 100 100 100 100 100 100 100 100 100 100 100 100 100 100 100 100 100 100 100 100 100 100 100 100 100 100 100 100 100 100 100 100 100 100 100 100 100 100
100 100 100 100 100 100 100 100 100 100 100 100 100 100 100 100 100 100 100 100 100 100 100 100 100 100 100 100 100 100 100 100 100 100 100 100 100 100 100 100 100 100 100 100 100 100 100 100 100 100 100 100 100 100 100 100 100 100 100 100 100 100 100 100 100 100 100 100 100 100 100 100 100 100 100 100 100 100 100 100 100 100 100 100 100 100 100 100 100 100 100 100 100 100 100 100 100 100 100 100 100 100 100 100 100 100 100 100 100 100 100 100 100 100 100 100 100 100 100 100 100 100 100 100 100 100 100 100 100 100 100 100 100 100 100 100 100
100 100 100 100 100 100 100 100 100 100 100 100 100 100 100 100 100 100 100 100 100 100 100 100 100 100 100 100 100 100 100 100 100 100 100 100 100 100 100 100 100 100 100 100 100 100 100 100 100 100 100 100 100 100 100 100 100 100 100 100 100 100 100 100 100 100 100 100 100 100 100 100 100 100 100 100 100 100 100 100 100 100 100 100 100 100 100 100 100 100 100 100 100 100 100 100 100 100 100 100 100 100 100 100 100 100 100 100 100 100 100 100 100 100 100 100 100 100 100 100 100 100 100 100 100 100 100 100 100 100 100 100 100 100 100 100 100
100 100 100 100 100 100 100 100 100 100 100 100 100 100 100 100 100 100 100 100 100 100 100 100 100 100 100 100 100 100 100 100 100 100 100 100 100 100 100 100 100 100 100 100 100 100 100 100 100 100 100 100 100 100 100 100 100 100 100 100 100 100 100 100 100 100 100 100 100 100 100 100 100 100 100 100 100 100 100 100 100 100 100 100 100 100 100 100 100 100 100 100 100 100 100 100 100 100 100 100 100 100 100 100 100 100 100 100 100 100 100 100 100 100 100 100 100 100 100 100 100 100 100 100 100 100 100 100 100 100 100 100 100 100 100 100 100
100 100 100 100 100 100 100 100 100 100 100 100 100 100 100 100 100 100 100 100 100 100 100 100 100 100 100 100 100 100 100 100 100 100 100 100 100 100 100 100 100 100 100 100 100 100 100 100 100 100 100 100 100 100 100 100 100 100 100 100 100 100 100 100 100 100 100 100 100 100 100 100 100 100 100 100 100 100 100 100 100 100 100 100 100 100 100 100 100 100 100 100 100 100 100 100 100 100 100 100 100 100 100 100 100 100 100 100 100 100 100 100 100 100 100 100 100 100 100 100 100 100 100 100 100 100 100 100 100 100 100 100 100 100 100 100 100
100 100 100 100 100 100 100 100 100 100 100 100 100 100 100 100 100 100 100 100 100 100 100 100 100 100 100 100 100 100 100 100 100 100 100 100 100 100 100 100 100 100 100 100 100 100 100 100 100 100 100 100 100 100 100 100 100 100 100 100 100 100 100 100 100 100 100 100 100 100 100 100 100 100 100 100 100 100 100 100 100 100 100 100 100 100 100 100 100 100 100 100 100 100 100 100 100 100 100 100 100 100 100 100 100 100 100 100 100 100 100 100 100 100 100 100 100 100 100 100 100 100 100 100 100 100 100 100 100 100 100 100 100 100 100 100 100
100 100 100 100 100 100 100 100 100 100 100 100 100 100 100 100 100 100 100 100 100 100 100 100 100 100 100 100 100 100 100 100 100 100 100 100 100 100 100 100 100 100 100 100 100 100 100 100 100 100 100 100 100 100 100 100 100 100 100 100 100 100 100 100 100 100 100 100 100 100 100 100 100 100 100 100 100 100 100 100 100 100 100 100 100 100 100 100 100 100 100 100 100 100 100 100 100 100 100 100 100 100 100 100 100 100 100 100 100 100 100 100 100 100 100 100 100 100 100 100 100 100 100 100 100 100 100 100 100 100 100 100 100 100 100 100 100
100 100 100 100 100 100 100 100 100 100 100 100 100 100 100 100 100 100 100 100 100 100 100 100 100 100 100 100 100 100 100 100 100 100 100 100 100 100 100 100 100 100 100 100 100 100 100 100 100 100 100 100 100 100 100 100 100 100 100 100 100 100 100 100 100 100 100 100 100 100 100 100 100 100 100 100 100 100 100 100 100 100 100 100 100 100 100 100 100 100 100 100 100 100 100 100 100 100 100 100 100 100 100 100 100 100 100 100 100 100 100 100 100 100 100 100 100 100 100 100 100 100 100 100 100 100 100 100 100 100 100 100 100 100 100 100 100
100 100 100 100 100 100 100 100 100 100 100 100 100 100 100 100 100 100 100 100 100 100 100 100 100 100 100 100 100 100 100 100 100 100 100 100 100 100 100 100 100 100 100 100 100 100 100 100 100 100 100 100 100 100 100 100 100 100 100 100 100 100 100 100 100 100 100 100 100 100 100 100 100 100 100 100 100 100 100 100 100 100 100 100 100 100 100 100 100 100 100 100 100 100 100 100 100 100 100 100 100 100 100 100 100 100 100 100 100 100 100 100 100 100 100 100 100 100 100 100 100 100 100 100 100 100 100 100 100 100 100 100 100 100 100 100 100
100 100 100 100 100 100 100 100 100 100 100 100 100 100 100 100 100 100 100 100 100 100 100 100 100 100 100 100 100 100 100 100 100 100 100 100 100 100 100 100 100 100 100 100 100 100 100 100 100 100 100 100 100 100 100 100 100 100 100 100 100 100 100 100 100 100 100 100 100 100 100 100 100 100 100 100 100 100 100 100 100 100 100 100 100 100 100 100 100 100 100 100 100 100 100 100 100 100 100 100 100 100 100 100 100 100 100 100 100 100 100 100 100 100 100 100 100 100 100 100 100 100 100 100 100 100 100 100 100 100 100 100 100 100 100 100 100
100 100 100 100 100 100 100 100 100 100 100 100 100 100 100 100 100 100 100 100 100 100 100 100 100 100 100 100 100 100 100 100 100 100 100 100 100 100 100 100 100 100 100 100 100 100 100 100 100 100 100 100 100 100 100 100 100 100 100 100 100 100 100 100 100 100 100 100 100 100 100 100 100 100 100 100 100 100 100 100 100 100 100 100 100 100 100 100 100 100 100 100 100 100 100 100 100 100 100 100 100 100 100 100 100 100 100 100 100 100 100 100 100 100 100 100 100 100 100 100 100 100 100 100 100 100 100 100 100 100 100 100 100 100 100 100 100
100 100 100 100 100 100 100 100 100 100 100 100 100 100 100 100 100 100 100 100 100 100 100 100 100 100 100 100 100 100 100 100 100 100 100 100 100 100 100 100 100 100 100 100 100 100 100 100 100 100 100 100 100 100 100 100 100 100 100 100 100 100 100 100 100 100 100 100 100 100 100 100 100 100 100 100 100 100 100 100 100 100 100 100 100 100 100 100 100 100 100 100 100 100 100 100 100 100 100 100 100 100 100 100 100 100 100 100 100 100 100 100 100 100 100 100 100 100 100 100 100 100 100 100 100 100 100 100 100 100 100 100 100 100 100 100 100
100 100 100 100 100 100 100 100 100 100 100 100 100 100 100 100 100 100 100 100 100 100 100 100 100 100 100 100 100 100 100 100 100 100 100 100 100 100 100 100 100 100 100 100 100 100 100 100 100 100 100 100 100 100 100 100 100 100 100 100 100 100 100 100 100 100 100 100 100 100 100 100 100 100 100 100 100 100 100 100 100 100 100 100 100 100 100 100 100 100 100 100 100 100 100 100 100 100 100 100 100 100 100 100 100 100 100 100 100 100 100 100 100 100 100 100 100 100 100 100 100 100 100 100 100 100 100 100 100 100 100 100 100 100 100 100 100
100 100 100 100 100 100 100 100 100 100 100 100 100 100 100 100 100 100 100 100 100 100 100 100 100 100 100 100 100 100 100 100 100 100 100 100 100 100 100 100 100 100 100 100 100 100 100 100 100 100 100 100 100 100 100 100 100 100 100 100 100 100 100 100 100 100 100 100 100 100 100 100 100 100 100 100 100 100 100 100 100 100 100 100 100 100 100 100 100 100 100 100 100 100 100 100 100 100 100 100 100 100 100 100 100 100 100 100 100 100 100 100 100 100 100 100 100 100 100 100 100 100 100 100 100 100 100 100 100 100 100 100 100 100 100 100 100
100 100 100 100 100 100 100 100 100 100 100 100 100 100 100 100 100 100 100 100 100 100 100 100 100 100 100 100 100 100 100 100 100 100 100 100 100 100 100 100 100 100 100 100 100 100 100 100 100 100 100 100 100 100 100 100 100 100 100 100 100 100 100 100 100 100 100 100 100 100 100 100 100 100 100 100 100 100 100 100 100 100 100 100 100 100 100 100 100 100 100 100 100 100 100 100 100 100 100 100 100 100 100 100 100 100 100 100 100 100 100 100 100 100 100 100 100 100 100 100 100 100 100 100 100 100 100 100 100 100 100 100 100 100 100 100 100
100 100 100 100 100 100 100 100 100 100 100 100 100 100 100 100 100 100 100 100 100 100 100 100 100 100 100 100 100 100 100 100 100 100 100 100 100 100 100 100 100 100 100 100 100 100 100 100 100 100 100 100 100 100 100 100 100 100 100 100 100 100 100 100 100 100 100 100 100 100 100 100 100 100 100 100 100 100 100 100 100 100 100 100 100 100 100 100 100 100 100 100 100 100 100 100 100 100 100 100 100 100 100 100 100 100 100 100 100 100 100 100 100 100 100 100 100 100 100 100 100 100 100 100 100 100 100 100 100 100 100 100 100 100 100 100 100
100 100 100 100 100 100 100 100 100 100 100 100 100 100 100 100 100 100 100 100 100 100 100 100 100 100 100 100 100 100 100 100 100 100 100 100 100 100 100 100 100 100 100 100 100 100 100 100 100 100 100 100 100 100 100 100 100 100 100 100 100 100 100 100 100 100 100 100 100 100 100 100 100 100 100 100 100 100 100 100 100 100 100 100 100 100 100 100 100 100 100 100 100 100 100 100 100 100 100 100 100 100 100 100 100 100 100 100 100 100 100 100 100 100 100 100 100 100 100 100 100 100 100 100 100 100 100 100 100 100 100 100 100 100 100 100 100
100 100 100 100 100 100 100 100 100 100 100 100 100 100 100 100 100 100 100 100 100 100 100 100 100 100 100 100 100 100 100 100 100 100 100 100 100 100 100 100 100 100 100 100 100 100 100 100 100 100 100 100 100 100 100 100 100 100 100 100 100 100 100 100 100 100 100 100 100 100 100 100 100 100 100 100 100 100 100 100 100 100 100 100 100 100 100 100 100 100 100 100 100 100 100 100 100 100 100 100 100 100 100 100 100 100 100 100 100 100 100 100 100 100 100 100 100 100 100 100 100 100 100 100 100 100 100 100 100 100 100 100 100 100 100 100 100
100 100 100 100 100 100 100 100 100 100 100 100 100 100 100 100 100 100 100 100 100 100 100 100 100 100 100 100 100 100 100 100 100 100 100 100 100 100 100 100 100 100 100 100 100 100 100 100 100 100 100 100 100 100 100 100 100 100 100 100 100 100 100 100 100 100 100 100 100 100 100 100 100 100 100 100 100 100 100 100 100 100 100 100 100 100 100 100 100 100 100 100 100 100 100 100 100 100 100 100 100 100 100 100 100 100 100 100 100 100 100 100 100 100 100 100 100 100 100 100 100 100 100 100 100 100 100 100 100 100 100 100 100 100 100 100 100
100 100 100 100 100 100 100 100 100 100 100 100 100 100 100 100 100 100 100 100 100 100 100 100 100 100 100 100 100 100 100 100 100 100 100 100 100 100 100 100 100 100 100 100 100 100 100 100 100 100 100 100 100 100 100 100 100 100 100 100 100 100 100 100 100 100 100 100 100 100 100 100 100 100 100 100 100 100 100 100 100 100 100 100 100 100 100 100 100 100 100 100 100 100 100 100 100 100 100 100 100 100 100 100 100 100 100 100 100 100 100 100 100 100 100 100 100 100 100 100 100 100 100 100 100 100 100 100 100 100 100 100 100 100 100 100 100
100 100 100 100 100 100 100 100 100 100 100 100 100 100 100 100 100 100 100 100 100 100 100 100 100 100 100 100 100 100 100 100 100 100 100 100 100 100 100 100 100 100 100 100 100 100 100 100 100 100 100 100 100 100 100 100 100 100 100 100 100 100 100 100 100 100 100 100 100 100 100 100 100 100 100 100 100 100 100 100 100 100 100 100 100 100 100 100 100 100 100 100 100 100 100 100 100 100 100 100 100 100 100 100 100 100 100 100 100 100 100 100 100 100 100 100 100 100 100 100 100 100 100 100 100 100 100 100 100 100 100 100 100 100 100 100 100
100 100 100 100 100 100 100 100 100 100 100 100 100 100 100 100 100 100 100 100 100 100 100 100 100 100 100 100 100 100 100 100 100 100 100 100 100 100 100 100 100 100 100 100 100 100 100 100 100 100 100 100 100 100 100 100 100 100 100 100 100 100 100 100 100 100 100 100 100 100 100 100 100 100 100 100 100 100 100 100 100 100 100 100 100 100 100 100 100 100 100 100 100 100 100 100 100 100 100 100 100 100 100 100 100 100 100 100 100 100 100 100 100 100 100 100 100 100 100 100 100 100 100 100 100 100 100 100 100 100 100 100 100 100 100 100 100
100 100 100 100 100 100 100 100 100 100 100 100 100 100 100 100 100 100 100 100 100 100 100 100 100 100 100 100 100 100 100 100 100 100 100 100 100 100 100 100 100 100 100 100 100 100 100 100 100 100 100 100 100 100 100 100 100 100 100 100 100 100 100 100 100 100 100 100 100 100 100 100 100 100 100 100 100 100 100 100 100 100 100 100 100 100 100 100 100 100 100 100 100 100 100 100 100 100 100 100 100 100 100 100 100 100 100 100 100 100 100 100 100 100 100 100 100 100 100 100 100 100 100 100 100 100 100 100 100 100 100 100 100 100 100 100 100
100 100 100 100 100 100 100 100 100 100 100 100 100 100 100 100 100 100 100 100 100 100 100 100 100 100 100 100 100 100 100 100 100 100 100 100 100 100 100 100 100 100 100 100 100 100 100 100 100 100 100 100 100 100 100 100 100 100 100 100 100 100 100 100 100 100 100 100 100 100 100 100 100 100 100 100 100 100 100 100 100 100 100 100 100 100 100 100 100 100 100 100 100 100 100 100 100 100 100 100 100 100 100 100 100 100 100 100 100 100 100 100 100 100 100 100 100 100 100 100 100 100 100 100 100 100 100 100 100 100 100 100 100 100 100 100 100
100 100 100 100 100 100 100 100 100 100 100 100 100 100 100 100 100 100 100 100 100 100 100 100 100 100 100 100 100 100 100 100 100 100 100 100 100 100 100 100 100 100 100 100 100 100 100 100 100 100 100 100 100 100 100 100 100 100 100 100 100 100 100 100 100 100 100 100 100 100 100 100 100 100 100 100 100 100 100 100 100 100 100 100 100 100 100 100 100 100 100 100 100 100 100 100 100 100 100 100 100 100 100 100 100 100 100 100 100 100 100 100 100 100 100 100 100 100 100 100 100 100 100 100 100 100 100 100 100 100 100 100 100 100 100 100 100
100 100 100 100 100 100 100 100 100 100 100 100 100 100 100 100 100 100 100 100 100 100 100 100 100 100 100 100 100 100 100 100 100 100 100 100 100 100 100 100 100 100 100 100 100 100 100 100 100 100 100 100 100 100 100 100 100 100 100 100 100 100 100 100 100 100 100 100 100 100 100 100 100 100 100 100 100 100 100 100 100 100 100 100 100 100 100 100 100 100 100 100 100 100 100 100 100 100 100 100 100 100 100 100 100 100 100 100 100 100 100 100 100 100 100 100 100 100 100 100 100 100 100 100 100 100 100 100 100 100 100 100 100 100 100 100 100
100 100 100 100 100 100 100 100 100 100 100 100 100 100 100 100 100 100 100 100 100 100 100 100 100 100 100 100 100 100 100 100 100 100 100 100 100 100 100 100 100 100 100 100 100 100 100 100 100 100 100 100 100 100 100 100 100 100 100 100 100 100 100 100 100 100 100 100 100 100 100 100 100 100 100 100 100 100 100 100 100 100 100 100 100 100 100 100 100 100 100 100 100 100 100 100 100 100 100 100 100 100 100 100 100 100 100 100 100 100 100 100 100 100 100 100 100 100 100 100 100 100 100 100 100 100 100 100 100 100 100 100 100 100 100 100 100
100 100 100 100 100 100 100 100 100 100 100 100 100 100 100 100 100 100 100 100 100 100 100 100 100 100 100 100 100 100 100 100 100 100 100 100 100 100 100 100 100 100 100 100 100 100 100 100 100 100 100 100 100 100 100 100 100 100 100 100 100 100 100 100 100 100 100 100 100 100 100 100 100 100 100 100 100 100 100 100 100 100 100 100 100 100 100 100 100 100 100 100 100 100 100 100 100 100 100 100 100 100 100 100 100 100 100 100 100 100 100 100 100 100 100 100 100 100 100 100 100 100 100 100 100 100 100 100 100 100 100 100 100 100 100 100 100
100 100 100 100 100 100 100 100 100 100 100 100 100 100 100 100 100 100 100 100 100 100 100 100 100 100 100 100 100 100 100 100 100 100 100 100 100 100 100 100 100 100 100 100 100 100 100 100 100 100 100 100 100 100 100 100 100 100 100 100 100 100 100 100 100 100 100 100 100 100 100 100 100 100 100 100 100 100 100 100 100 100 100 100 100 100 100 100 100 100 100 100 100 100 100 100 100 100 100 100 100 100 100 100 100 100 100 100 100 100 100 100 100 100 100 100 100 100 100 100 100 100 100 100 100 100 100 100 100 100 100 100 100 100 100 100 100
100 100 100 100 100 100 100 100 100 100 100 100 100 100 100 100 100 100 100 100 100 100 100 100 100 100 100 100 100 100 100 100 100 100 100 100 100 100 100 100 100 100 100 100 100 100 100 100 100 100 100 100 100 100 100 100 100 100 100 100 100 100 100 100 100 100 100 100 100 100 100 100 100 100 100 100 100 100 100 100 100 100 100 100 100 100 100 100 100 100 100 100 100 100 100 100 100 100 100 100 100 100 100 100 100 100 100 100 100 100 100 100 100 100 100 100 100 100 100 100 100 100 100 100 100 100 100 100 100 100 100 100 100 100 100 100 100
100 100 100 100 100 100 100 100 100 100 100 100 100 100 100 100 100 100 100 100 100 100 100 100 100 100 100 100 100 100 100 100 100 100 100 100 100 100 100 100 100 100 100 100 100 100 100 100 100 100 100 100 100 100 100 100 100 100 100 100 100 100 100 100 100 100 100 100 100 100 100 100 100 100 100 100 100 100 100 100 100 100 100 100 100 100 100 100 100 100 100 100 100 100 100 100 100 100 100 100 100 100 100 100 100 100 100 100 100 100 100 100 100 100 100 100 100 100 100 100 100 100 100 100 100 100 100 100 100 100 100 100 100 100 100 100 100
100 100 100 100 100 100 100 100 100 100 100 100 100 100 100 100 100 100 100 100 100 100 100 100 100 100 100 100 100 100 100 100 100 100 100 100 100 100 100 100 100 100 100 100 100 100 100 100 100 100 100 100 100 100 100 100 100 100 100 100 100 100 100 100 100 100 100 100 100 100 100 100 100 100 100 100 100 100 100 100 100 100 100 100 100 100 100 100 100 100 100 100 100 100 100 100 100 100 100 100 100 100 100 100 100 100 100 100 100 100 100 100 100 100 100 100 100 100 100 100 100 100 100 100 100 100 100 100 100 100 100 100 100 100 100 100 100
100 100 100 100 100 100 100 100 100 100 100 100 100 100 100 100 100 100 100 100 100 100 100 100 100 100 100 100 100 100 100 100 100 100 100 100 100 100 100 100 100 100 100 100 100 100 100 100 100 100 100 100 100 100 100 100 100 100 100 100 100 100 100 100 100 100 100 100 100 100 100 100 100 100 100 100 100 100 100 100 100 100 100 100 100 100 100 100 100 100 100 100 100 100 100 100 100 100 100 100 100 100 100 100 100 100 100 100 100 100 100 100 100 100 100 100 100 100 100 100 100 100 100 100 100 100 100 100 100 100 100 100 100 100 100 100 100
100 100 100 100 100 100 100 100 100 100 100 100 100 100 100 100 100 100 100 100 100 100 100 100 100 100 100 100 100 100 100 100 100 100 100 100 100 100 100 100 100 100 100 100 100 100 100 100 100 100 100 100 100 100 100 100 100 100 100 100 100 100 100 100 100 100 100 100 100 100 100 100 100 100 100 100 100 100 100 100 100 100 100 100 100 100 100 100 100 100 100 100 100 100 100 100 100 100 100 100 100 100 100 100 100 100 100 100 100 100 100 100 100 100 100 100 100 100 100 100 100 100 100 100 100 100 100 100 100 100 100 100 100 100 100 100 100
100 100 100 100 100 100 100 100 100 100 100 100 100 100 100 100 100 100 100 100 100 100 100 100 100 100 100 100 100 100 100 100 100 100 100 100 100 100 100 100 100 100 100 100 100 100 100 100 100 100 100 100 100 100 100 100 100 100 100 100 100 100 100 100 100 100 100 100 100 100 100 100 100 100 100 100 100 100 100 100 100 100 100 100 100 100 100 100 100 100 100 100 100 100 100 100 100 100 100 100 100 100 100 100 100 100 100 100 100 100 100 100 100 100 100 100 100 100 100 100 100 100 100 100 100 100 100 100 100 100 100 100 100 100 100 100 100
100 100 100 100 100 100 100 100 100 100 100 100 100 100 100 100 100 100 100 100 100 100 100 100 100 100 100 100 100 100 100 100 100 100 100 100 100 100 100 100 100 100 100 100 100 100 100 100 100 100 100 100 100 100 100 100 100 100 100 100 100 100 100 100 100 100 100 100 100 100 100 100 100 100 100 100 100 100 100 100 100 100 100 100 100 100 100 100 100 100 100 100 100 100 100 100 100 100 100 100 100 100 100 100 100 100 100 100 100 100 100 100 100 100 100 100 100 100 100 100 100 100 100 100 100 100 100 100 100 100 100 100 100 100 100 100 100
100 100 100 100 100 100 100 100 100 100 100 100 100 100 100 100 100 100 100 100 100 100 100 100 100 100 100 100 100 100 100 100 100 100 100 100 100 100 100 100 100 100 100 100 100 100 100 100 100 100 100 100 100 100 100 100 100 100 100 100 100 100 100 100 100 100 100 100 100 100 100 100 100 100 100 100 100 100 100 100 100 100 100 100 100 100 100 100 100 100 100 100 100 100 100 100 100 100 100 100 100 100 100 100 100 100 100 100 100 100 100 100 100 100 100 100 100 100 100 100 100 100 100 100 100 100 100 100 100 100 100 100 100 100 100 100 100
100 100 100 100 100 100 100 100 100 100 100 100 100 100 100 100 100 100 100 100 100 100 100 100 100 100 100 100 100 100 100 100 100 100 100 100 100 100 100 100 100 100 100 100 100 100 100 100 100 100 100 100 100 100 100 100 100 100 100 100 100 100 100 100 100 100 100 100 100 100 100 100 100 100 100 100 100 100 100 100 100 100 100 100 100 100 100 100 100 100 100 100 100 100 100 100 100 100 100 100 100 100 100 100 100 100 100 100 100 100 100 100 100 100 100 100 100 100 100 100 100 100 100 100 100 100 100 100 100 100 100 100 100 100 100 100 100
100 100 100 100 100 100 100 100 100 100 100 100 100 100 100 100 100 100 100 100 100 100 100 100 100 100 100 100 100 100 100 100 100 100 100 100 100 100 100 100 100 100 100 100 100 100 100 100 100 100 100 100 100 100 100 100 100 100 100 100 100 100 100 100 100 100 100 100 100 100 100 100 100 100 100 100 100 100 100 100 100 100 100 100 100 100 100 100 100 100 100 100 100 100 100 100 100 100 100 100 100 100 100 100 100 100 100 100 100 100 100 100 100 100 100 100 100 100 100 100 100 100 100 100 100 100 100 100 100 100 100 100 100 100 100 100 100
100 100 100 100 100 100 100 100 100 100 100 100 100 100 100 100 100 100 100 100 100 100 100 100 100 100 100 100 100 100 100 100 100 100 100 100 100 100 100 100 100 100 100 100 100 100 100 100 100 100 100 100 100 100 100 100 100 100 100 100 100 100 100 100 100 100 100 100 100 100 100 100 100 100 100 100 100 100 100 100 100 100 100 100 100 100 100 100 100 100 100 100 100 100 100 100 100 100 100 100 100 100 100 100 100 100 100 100 100 100 100 100 100 100 100 100 100 100 100 100 100 100 100 100 100 100 100 100 100 100 100 100 100 100 100 100 100
100 100 100 100 100 100 100 100 100 100 100 100 100 100 100 100 100 100 100 100 100 100 100 100 100 100 100 100 100 100 100 100 100 100 100 100 100 100 100 100 100 100 100 100 100 100 100 100 100 100 100 100 100 100 100 100 100 100 100 100 100 100 100 100 100 100 100 100 100 100 100 100 100 100 100 100 100 100 100 100 100 100 100 100 100 100 100 100 100 100 100 100 100 100 100 100 100 100 100 100 100 100 100 100 100 100 100 100 100 100 100 100 100 100 100 100 100 100 100 100 100 100 100 100 100 100 100 100 100 100 100 100 100 100 100 100 100
100 100 100 100 100 100 100 100 100 100 100 100 100 100 100 100 100 100 100 100 100 100 100 100 100 100 100 100 100 100 100 100 100 100 100 100 100 100 100 100 100 100 100 100 100 100 100 100 100 100 100 100 100 100 100 100 100 100 100 100 100 100 100 100 100 100 100 100 100 100 100 100 100 100 100 100 100 100 100 100 100 100 100 100 100 100 100 100 100 100 100 100 100 100 100 100 100 100 100 100 100 100 100 100 100 100 100 100 100 100 100 100 100 100 100 100 100 100 100 100 100 100 100 100 100 100 100 100 100 100 100 100 100 100 100 100 100
100 100 100 100 100 100 100 100 100 100 100 100 100 100 100 100 100 100 100 100 100 100 100 100 100 100 100 100 100 100 100 100 100 100 100 100 100 100 100 100 100 100 100 100 100 100 100 100 100 100 100 100 100 100 100 100 100 100 100 100 100 100 100 100 100 100 100 100 100 100 100 100 100 100 100 100 100 100 100 100 100 100 100 100 100 100 100 100 100 100 100 100 100 100 100 100 100 100 100 100 100 100 100 100 100 100 100 100 100 100 100 100 100 100 100 100 100 100 100 100 100 100 100 100 100 100 100 100 100 100 100 100 100 100 100 100 100
100 100 100 100 100 100 100 100 100 100 100 100 100 100 100 100 100 100 100 100 100 100 100 100 100 100 100 100 100 100 100 100 100 100 100 100 100 100 100 100 100 100 100 100 100 100 100 100 100 100 100 100 100 100 100 100 100 100 100 100 100 100 100 100 100 100 100 100 100 100 100 100 100 100 100 100 100 100 100 100 100 100 100 100 100 100 100 100 100 100 100 100 100 100 100 100 100 100 100 100 100 100 100 100 100 100 100 100 100 100 100 100 100 100 100 100 100 100 100 100 100 100 100 100 100 100 100 100 100 100 100 100 100 100 100 100 100
100 100 100 100 100 100 100 100 100 100 100 100 100 100 100 100 100 100 100 100 100 100 100 100 100 100 100 100 100 100 100 100 100 100 100 100 100 100 100 100 100 100 100 100 100 100 100 100 100 100 100 100 100 100 100 100 100 100 100 100 100 100 100 100 100 100 100 100 100 100 100 100 100 100 100 100 100 100 100 100 100 100 100 100 100 100 100 100 100 100 100 100 100 100 100 100 100 100 100 100 100 100 100 100 100 100 100 100 100 100 100 100 100 100 100 100 100 100 100 100 100 100 100 100 100 100 100 100 100 100 100 100 100 100 100 100 100

!END_INIT_STATE

